[[-113 206 -222 -312 -1 -483 164 -7 95 237 -84 -48 -446 142 462 215 223 42 -362 516 -37 -354 -205 339 175 -74 262 15 -288 53 384 367 -78 176 198 209 2 -104 463 -184 100 96 -173 -1 -384 -250 -1 -133 -182 -68 -240 616 147 -2 42 189 17 20 -283 -156 346 85 -13 22 60 167 263 -329 104 634 -127 -130 -166 -18 126 -617 83 222 36 540 384 193 -257 -97 -301 64 88 12 408 478 238 100 293 -50 -412 206 -124 -209 -297 518]
[-172 89 126 -2 -160 353 -69 442 290 -47 287 -281 13 -84 -82 -213 94 -17 505 -59 48 276 -17 136 36 -174 -138 -246 203 322 127 -633 416 -181 -323 280 3 384 -193 -132 131 -324 28 442 -129 810 -178 -302 450 356 -144 -374 -616 -142 -191 -401 -275 267 -153 40 -53 171 120 65 -12 -532 -755 -236 -186 -376 -310 139 -71 -376 76 463 95 -376 132 -345 -292 134 -263 88 -139 85 30 157 -213 -390 -605 -191 -350 -116 160 -236 27 251 322 55]
[-132 157 266 -590 353 204 -56 99 332 -41 158 -439 462 -72 98 -298 -302 -132 236 -57 -447 -399 -171 440 126 298 -306 -326 -56 -94 224 -42 154 -314 -68 160 -72 516 205 -549 54 -159 -95 71 54 72 -92 244 181 62 -301 53 -238 -357 10 85 -319 437 -9 248 104 -42 -261 241 258 506 184 -253 -153 365 210 83 -267 229 -64 119 200 -569 -26 -177 55 -158 -153 -106 -717 197 -24 29 406 301 -357 19 -244 448 -473 149 222 -51 -133 140]
[-18 162 -150 186 -192 -53 542 -57 79 -184 -32 -500 -421 6 281 -224 -9 213 -295 348 9 144 405 111 50 -86 -49 316 254 -89 -358 117 569 376 100 -184 -510 164 35 -23 266 147 -100 188 -317 -58 289 -258 -6 -154 -215 153 110 335 151 -206 177 -533 -622 268 135 -216 6 137 -461 -427 254 -71 -90 503 -196 281 21 -224 -46 -184 392 59 318 -32 385 8 -274 386 525 34 -116 -164 153 -4 494 286 175 152 -183 -31 -326 353 -431 381]
[-105 149 -69 397 380 -337 516 -420 -55 -218 50 175 -417 140 8 347 141 352 -149 -115 432 -143 -177 -235 473 99 196 380 128 -372 -2 250 -399 320 -174 19 -81 -137 156 152 -15 684 -130 -15 -65 46 581 196 -59 -37 -297 208 474 -287 -178 165 134 18 -264 -89 15 108 -425 226 231 -459 -41 -286 118 508 324 22 85 391 -263 -554 333 509 -366 729 441 296 156 423 466 -210 -75 -28 225 214 551 118 322 -43 364 -360 63 196 -164 265]
[-163 -535 -56 -306 505 -21 204 -323 68 14 -130 -4 -248 297 -313 218 -214 -268 -395 -155 -575 -88 -408 -120 318 -16 24 -598 -17 -432 156 791 -213 94 52 -434 52 -28 228 -692 75 637 -71 -182 -159 -61 352 -42 53 -120 -15 233 404 -351 -114 -82 291 114 -84 165 -271 176 -673 580 51 382 279 -388 -62 613 199 95 -27 649 -293 -305 427 123 -330 251 -228 635 253 -49 -126 4 -10 632 390 241 498 -106 436 274 -228 37 262 -264 -293 169]
[-191 49 -472 -156 -72 -213 111 -113 -118 -46 -178 607 -427 252 24 289 645 260 -84 98 400 -325 -273 -50 458 138 196 382 8 -713 -187 -71 -190 432 494 -201 245 463 3 595 -180 437 69 -396 -419 -371 2 402 -254 137 45 -28 73 -91 -381 739 101 89 -513 -77 77 67 -109 -4 100 -349 -156 -21 57 -48 -588 323 88 23 70 -377 -299 248 136 641 331 317 -27 -31 452 -4 -89 -4 58 89 -214 -220 253 -348 261 -211 359 -152 -48 147]
[-112 514 509 658 -262 136 71 -521 193 -82 7 -250 80 -157 1 -452 170 301 422 -75 -324 -300 146 -32 -6 -6 189 176 29 -105 -211 -467 388 186 -702 347 308 -202 -289 195 304 76 237 411 -19 141 434 94 433 -264 178 322 156 158 -87 -175 -110 -49 299 322 269 -574 -9 80 78 -164 -260 332 -452 404 303 200 110 158 -391 289 506 -120 -330 -516 196 -147 -160 266 439 -21 -178 -66 -128 -432 294 343 361 -115 146 -196 91 112 23 -312]
[15 -29 -543 -511 429 26 265 156 -81 22 -105 551 -539 429 103 384 390 -272 -279 485 378 490 434 396 -378 -607 -73 -212 -220 202 -187 391 -132 545 374 -679 279 35 259 115 138 238 -196 -187 -194 -658 -305 164 -355 -260 64 242 -32 113 184 -4 441 -80 -410 292 -32 98 113 -446 -244 -196 539 136 511 -258 48 -300 -415 -171 514 -532 -529 440 277 490 -210 228 97 -207 122 361 9 325 -333 406 379 -379 57 233 -520 701 23 -46 -339 364]
[247 95 -303 -160 572 -5 191 -76 226 -515 96 405 -16 347 146 334 498 14 354 -84 215 -392 181 320 36 208 -245 75 67 -65 -41 404 6 -248 -559 58 120 138 -24 147 -5 -288 -624 -289 -225 -142 17 189 -38 -69 11 254 -159 -398 387 472 -390 391 268 93 -72 605 -206 -371 303 640 423 -270 -104 254 520 -527 -22 243 93 114 -133 -95 -55 207 43 660 187 -385 -293 3 -404 147 -142 573 -239 -284 -251 257 -154 237 284 70 86 310]
[-43 117 378 -265 -719 245 20 -292 -470 99 -436 -101 -16 -127 -171 -195 -254 22 -792 189 -143 -245 204 182 -421 474 -389 435 -125 -231 -422 -156 -68 119 772 99 -471 866 152 344 -65 274 -289 -306 -366 -234 171 480 -139 -108 -334 -46 152 421 -124 -107 -1 -466 -237 455 163 -446 240 -95 -549 -120 -234 121 185 -230 122 104 -122 -87 131 57 -110 94 116 -104 403 -464 334 391 340 172 -174 -415 13 -421 141 369 -93 61 -113 383 -230 -335 -118 18]
[-346 27 -152 64 -100 -764 388 -5 345 239 -50 142 -613 50 397 -606 295 -23 163 111 -3 -234 -296 -413 531 -52 305 1 525 -21 43 -401 284 51 61 443 418 67 -7 243 -225 395 175 205 -408 -253 103 -193 -113 211 -472 -317 -46 -345 -424 448 36 -10 -634 -325 57 128 -14 614 -153 -826 -120 218 230 27 -519 410 -298 -379 62 31 5 -341 565 -95 495 141 -128 -224 275 -343 229 -301 77 302 -133 164 144 -4 422 -731 183 21 -173 163]
[-51 249 138 350 -444 -94 -187 -188 20 395 -841 69 -269 416 24 -303 545 55 -257 25 203 -173 202 -465 -365 -215 76 76 238 -448 164 -508 -278 342 185 39 723 13 355 437 -2 266 313 103 -455 -274 88 -195 -301 55 -356 161 237 329 -265 -98 388 -46 -588 132 -278 72 276 133 -375 -117 -231 473 12 -184 -372 3 -236 36 -228 -83 284 219 -176 -432 5 -56 184 -444 88 70 -194 20 -542 -257 188 210 736 -165 -28 16 -109 -561 273 -20]
[-190 -173 -291 -241 -522 48 78 -148 283 -165 36 395 -92 -233 -518 -794 442 267 -131 368 -645 -383 121 415 -356 273 374 -156 211 -364 -206 -58 833 -223 459 273 -560 64 -239 6 121 36 7 87 -530 144 194 -189 387 181 -80 -230 -338 246 -236 -2 -8 -333 -81 232 -28 -43 -162 218 -601 -202 -511 -73 -222 17 -414 466 -37 -489 278 980 -111 -667 787 -311 474 374 124 -42 552 163 168 -380 -86 -48 -205 -23 -107 485 173 -413 524 255 154 -191]
[214 -864 -181 -70 57 -79 479 355 368 -467 187 -53 405 -222 -346 -44 -603 -532 -245 -293 -131 -28 400 -166 12 -257 570 102 133 -330 219 949 588 41 124 -196 -962 -758 47 -492 -234 -386 -25 267 122 279 -21 -750 508 82 91 -129 -428 -32 400 20 -14 -310 74 -226 -114 466 -251 238 -295 339 655 -47 -381 259 -228 -5 251 -420 3 685 -278 -740 419 -51 -299 3 185 -101 43 -110 -14 -342 333 -69 -371 -84 -404 -70 279 -97 -154 707 25 58]
[-264 -338 -428 483 14 184 -88 276 -217 387 -399 -724 51 227 404 -204 -198 65 124 -70 670 735 44 -517 24 -273 -740 -176 509 332 -54 -210 -36 59 -51 -344 -216 -38 159 -414 460 -260 130 -146 42 542 33 -265 -424 82 -224 -128 -61 -327 -377 -532 291 -265 -169 -135 -653 329 151 259 -190 27 -508 133 206 -604 -195 312 46 -328 129 100 -13 196 571 -247 -544 112 -111 186 -455 -345 154 492 -153 56 353 -487 84 -163 238 -122 -867 65 -110 232]
[-111 342 -76 149 478 53 198 141 154 44 -90 -251 -642 375 -226 -447 1 -378 329 -274 652 502 -52 -79 186 -195 -993 -125 686 63 -79 -405 -155 106 -618 -539 484 283 54 256 -55 4 -172 93 -341 -11 330 -425 204 -339 -193 125 210 -509 -279 -234 517 -60 -628 -69 -1065 541 220 -98 -126 -604 -53 168 408 -594 -51 102 -334 -162 168 382 -223 83 341 -238 -285 146 281 -290 275 -160 -39 988 -194 -60 255 -75 224 191 189 -219 -417 258 134 356]
[398 -288 -39 260 90 400 -193 -421 280 -93 -385 72 -258 -53 -355 25 265 138 28 -114 -209 -102 -450 174 319 370 582 -687 4 -359 193 237 -223 -309 15 113 -128 275 -416 -137 102 337 242 -695 7 334 8 65 112 287 35 -510 -330 -327 -332 141 -384 -43 -57 -31 -233 677 -858 47 -243 -201 -416 -474 -111 -167 -264 342 533 648 -404 -97 438 291 -286 79 -45 810 130 -32 22 127 -72 -382 51 -170 -449 -356 61 -131 274 -413 612 -97 102 -558]
[-72 291 -2 -883 -86 -48 65 715 196 415 54 91 -158 -289 88 276 -243 -541 -359 99 -67 263 -205 507 48 -297 -140 -276 -426 876 238 -323 -286 -151 87 -638 552 696 300 -9 -429 268 156 -149 -102 -503 -532 20 -287 -251 293 -137 59 281 -220 244 -93 -191 -187 -244 -87 67 171 -217 -129 -59 -141 104 511 -691 -511 -29 -753 -590 573 99 -384 600 -292 357 -313 -43 19 -26 -396 7 259 499 -175 -11 23 -302 -242 -126 -705 113 176 -345 -307 526]
[-512 217 -245 -171 93 273 136 94 9 -168 175 240 320 -39 1 149 189 -99 -166 257 -489 -572 -467 420 207 145 -167 33 -544 -147 -161 -130 -179 62 305 -302 510 313 284 611 -649 257 231 -28 249 -273 -3 648 32 -51 258 377 249 -291 -647 364 -241 743 651 -149 187 -231 73 228 702 652 -223 -44 -32 -300 254 310 -470 242 244 209 -237 -303 -52 57 -219 -375 -283 95 -247 -236 -163 210 712 225 -31 82 -110 4 -223 -369 387 -286 -85 90]
[-455 -213 -292 -499 802 171 -880 -237 -380 -255 235 430 -102 163 -625 -534 -340 -23 64 -212 -427 -272 -204 452 208 493 -170 -646 -523 -268 -69 329 -373 -396 558 -220 -605 165 -18 -296 279 -33 -68 -560 10 400 162 287 336 351 281 -10 135 -211 -172 -83 643 33 -70 -303 -292 114 -312 61 -16 640 -341 -239 84 -58 266 170 6 266 76 401 -813 -331 250 -130 132 119 68 -342 107 94 368 381 790 -108 -256 -462 -202 114 72 138 219 -109 -209 -58]
[-357 300 -674 280 422 -124 512 164 521 -93 676 -398 -252 -88 103 -642 603 -62 -27 878 176 75 -90 429 -6 30 -105 126 235 208 -185 426 440 -270 -80 210 -609 -163 -210 77 -397 -536 -143 128 -220 295 -29 -162 231 -241 13 56 3 -122 -78 -172 -255 -153 112 -359 -162 585 661 -219 -227 -583 175 -443 -392 126 -504 11 99 -268 695 159 -506 -310 1161 599 100 224 -455 286 439 -186 -43 -82 273 542 184 30 -266 667 -320 -489 -190 609 230 61]
[-163 249 266 117 2 -213 20 -32 238 -308 -127 260 -531 -77 -195 -144 729 566 183 404 -414 368 204 222 -517 -400 445 -788 -103 494 86 -689 78 -278 -355 516 541 -151 31 -84 -22 939 -3 592 -167 70 710 -630 371 222 -470 266 404 553 26 -500 85 187 -400 215 -225 -48 -351 778 -623 -402 -557 -281 384 147 640 -243 -468 -19 -378 -85 695 502 -701 -549 144 596 -339 -190 -260 36 -115 -280 -685 -31 687 117 -98 92 -220 -342 -81 138 -49 88]
[-259 369 344 594 113 249 196 -70 648 -77 235 -91 114 -542 -271 263 434 66 705 238 -364 75 -194 -12 19 -657 624 -226 137 65 -50 180 249 104 -585 263 584 -239 -456 -208 227 17 445 -42 135 -41 -113 28 246 -274 449 -334 -119 392 -359 -165 -195 -174 -429 -25 470 95 -286 1 -271 -1218 -405 74 -297 -125 67 446 31 -110 -33 -96 86 145 -293 499 -110 87 -443 374 521 -96 344 79 -694 -268 490 42 -53 -103 -199 -728 130 65 66 -475]
[330 284 280 -329 -716 -392 161 789 413 634 -154 -130 -65 -165 -421 103 -143 -599 -324 -516 -179 -439 -491 -79 -127 -240 301 222 161 -591 918 -13 -91 -287 442 -280 -224 -487 565 -298 -117 30 208 72 -145 -448 -211 -794 -258 -22 -946 -224 60 207 -370 521 195 -408 -597 -454 -56 200 -507 -38 212 -251 162 61 122 97 -342 334 -625 -467 -59 500 366 -67 -8 34 820 -678 20 -565 -28 -87 560 -204 215 679 -330 221 -53 61 -258 -223 271 -103 254 392]
[-237 828 868 -275 -14 246 -305 262 245 191 -151 9 -242 254 -397 -1101 -85 -560 -627 -77 -103 -80 951 -175 -764 -286 -559 202 -30 -247 65 -158 -226 189 -127 111 41 317 -60 -219 210 -248 -339 261 -120 -231 -32 116 387 28 -1073 -586 -145 145 115 -523 729 -322 -639 45 63 -109 45 -585 -401 -497 417 192 -4 -62 209 -370 -586 -426 405 383 -361 -258 245 -237 394 -788 425 -427 399 484 394 -286 43 -138 -234 457 -285 49 -59 922 -134 222 263 201]
[-694 107 -646 -141 -626 -121 -465 321 -107 237 372 74 353 -408 18 378 380 5 -465 666 -76 -276 -398 189 -23 -370 40 475 -497 -624 -5 295 282 -154 535 14 -200 -135 448 42 126 -598 -550 -17 -114 230 -134 -137 180 174 -257 28 -83 -76 -335 -258 528 65 199 -517 8 69 283 -444 278 -150 -593 -146 -154 -83 -670 210 149 -358 602 395 -432 -248 767 805 -86 -57 -498 179 -229 336 642 860 -186 -331 -64 -168 204 -268 164 -170 -70 167 493 -60]
[117 -359 272 337 -555 255 247 673 139 -387 -80 -834 460 -52 1 903 -95 -959 -1001 243 -225 255 522 -720 -717 -340 -653 982 -269 -404 -161 478 122 -313 -80 -83 -185 439 -214 270 -765 -88 -241 281 236 -9 -257 -334 97 -278 -268 -595 55 420 -26 -533 246 -256 288 -426 -268 450 481 31 -460 -264 369 280 -218 -451 -233 -191 -176 -379 -186 -80 63 445 120 183 -707 -431 -194 5 43 -115 -66 117 -307 -310 151 655 -318 12 -168 106 -1027 -146 272 81]
[-105 477 204 88 210 -135 -614 -320 374 185 447 -365 372 -91 -200 -11 -27 -140 -465 -432 -227 -203 -264 -108 -165 559 -317 -111 -628 -129 721 55 -227 -565 -661 717 -157 214 147 -345 27 -64 -287 341 -240 886 577 -52 360 664 -117 191 -44 -316 -534 -648 80 147 838 -141 -515 619 -17 61 594 83 -487 -264 -88 314 -354 -244 -365 252 83 572 360 481 -340 109 71 579 126 405 -510 68 -62 410 268 -45 -461 -56 93 -24 184 184 173 -298 352 275]
[349 287 581 524 74 482 -204 414 877 -119 -356 -880 843 -141 -425 -1201 73 -157 86 -199 -167 -1030 385 -427 101 -119 488 -28 212 -704 456 -348 12 -40 55 -200 -13 -7 -90 -29 256 228 1092 401 495 430 -464 574 -134 266 80 -603 -462 41 -704 153 -315 256 -286 -142 431 159 -470 77 -45 216 -20 398 -743 -181 -734 730 -205 -259 -356 605 310 -261 21 -89 184 -732 50 -52 -35 -178 186 -995 89 -171 -67 525 -229 145 -218 -743 667 -13 -142 -598]
[-618 -14 480 -253 33 47 -94 -43 -215 369 750 124 241 -543 -457 387 -480 -182 198 -3 -122 -217 -330 188 -140 84 562 35 -47 159 434 -68 -634 216 -284 581 -30 298 -52 -324 -513 -224 451 487 -658 575 -233 -35 633 92 181 -251 86 -53 356 -334 190 493 -42 256 247 -206 504 -109 -61 -322 -847 67 -241 -93 16 -82 -196 184 358 -278 -72 -401 -925 51 -85 126 317 413 155 416 -13 856 -332 -786 -422 -175 247 103 -273 241 431 -517 400 -9]
[-333 321 311 467 -56 0 6 -236 180 61 384 -219 416 -956 -470 -340 167 227 100 -193 55 -217 35 -138 -196 208 79 377 20 518 64 -422 -637 55 16 122 226 139 463 464 12 28 412 602 65 459 210 536 -146 436 -95 321 318 -322 -632 -348 -118 130 238 255 -45 -444 252 -43 459 -103 -577 397 239 -142 -200 193 -385 -409 384 557 518 -77 -62 106 44 44 256 1259 -230 -79 132 -24 -160 -94 564 555 160 185 1 -272 275 290 -107 -17]
[-164 -494 -323 -465 -51 -149 -85 649 -140 -8 -814 8 -369 749 480 386 412 318 722 316 -295 397 171 45 -176 -390 -232 -413 315 135 -59 -527 756 15 111 6 423 -14 -78 -123 754 152 311 225 -493 450 116 -122 -48 -165 362 306 -274 702 -505 13 -180 104 -669 46 285 -155 428 387 -224 -387 -227 276 -196 94 408 113 -342 -547 -311 -135 -313 58 631 -125 -68 357 -722 -709 -1 -472 255 283 -271 214 751 -407 -89 112 151 -187 -716 -379 -903 124]
[38 -18 118 285 -731 -32 49 36 302 588 -71 -86 -458 -253 501 -379 372 -124 -29 391 -768 159 -243 554 47 313 50 211 -138 233 -424 -585 728 -406 -418 122 251 189 -262 181 49 -157 257 703 655 54 -244 -159 -37 84 -826 -326 96 -454 -64 -80 -147 235 437 -279 153 -735 179 193 266 -281 157 279 -468 106 108 301 93 188 -507 -69 774 -335 271 -777 142 -51 -692 -311 266 37 513 -89 480 501 -103 378 97 504 604 229 621 73 -373 -22]
[-596 26 344 209 -340 352 -315 119 21 -243 246 -259 289 -404 -71 123 96 -198 -342 255 -491 -276 -256 -127 151 27 -13 417 -1016 173 307 288 57 -145 -133 207 64 115 383 -75 80 -186 -272 -60 108 312 -81 -267 149 225 -59 355 55 46 325 -263 170 239 474 -99 600 266 -357 118 122 1295 -153 -249 -45 575 88 -205 -167 -159 -172 15 306 332 -420 -690 179 -95 -574 -171 -878 -78 -236 409 184 -281 -26 -8 -376 -593 -822 219 -286 -100 -261 1002]
[135 168 -73 40 489 -552 158 172 -103 47 -286 369 -588 -68 12 474 179 -464 -30 -323 -214 -78 30 -530 107 -619 557 -115 141 417 -120 12 -848 37 110 -142 396 177 627 371 -120 556 -6 -219 -215 86 -84 164 -538 -18 -392 -285 345 -252 -583 -28 495 23 -537 -362 -7 -155 164 -244 620 -563 251 229 190 -473 405 -115 -704 144 268 -598 133 -11 163 631 -143 -75 -101 210 514 -287 561 863 -182 223 214 103 44 -227 -206 19 326 -171 -251 -53]
[162 -398 -617 203 183 72 400 -167 509 189 49 -290 275 -569 -429 321 -336 -550 347 13 71 291 -550 100 -73 -120 13 -665 481 116 238 888 -621 22 -261 -665 8 -616 62 19 -451 -309 192 -227 108 278 72 -377 -169 259 126 -182 -39 -616 -402 -52 -268 294 255 330 -489 984 16 -41 287 -60 -130 44 -53 -960 625 250 57 250 631 858 -398 359 -225 426 -461 413 469 391 -221 -319 -78 425 152 301 406 -319 -178 183 518 -240 -174 -225 -119 -303]
[223 -247 -680 -485 442 179 -81 -72 280 -101 18 -458 161 264 611 -21 -453 -149 63 -67 -63 184 -71 502 423 170 45 -789 -44 480 177 570 -115 -159 380 -732 -207 -2 -171 -311 -547 -520 592 -687 85 69 -218 -435 -100 313 650 603 -79 78 318 -28 -385 317 78 28 -66 342 -295 240 -453 831 -167 -517 -268 -40 -790 28 715 -111 -32 9 -140 -161 -319 -246 -575 290 -569 -394 -256 47 -380 -52 671 -9 -657 -289 516 189 -758 1 -133 -271 -65 -57]
[172 237 -287 160 268 188 -306 -103 104 -523 53 -284 -227 40 -233 -436 221 -442 71 13 243 121 946 -220 25 -391 -88 504 -547 394 78 222 -538 -7 -136 -295 -351 -458 69 522 -115 -107 134 -91 226 348 -925 151 122 109 430 -26 -39 284 -310 -56 391 -801 195 -104 -189 207 489 -418 15 463 239 -72 -276 -647 -275 -301 571 -388 263 5 -756 542 307 60 -535 -497 324 370 270 -102 4 -338 148 183 -392 174 -374 -741 -76 449 -387 24 399 31]
[179 -91 -278 -16 -370 101 -800 -118 -295 322 -301 18 295 39 -253 388 -88 644 596 6 12 -166 -211 824 -469 70 -94 -51 -67 -541 484 -561 454 -91 -119 375 -74 91 343 -399 491 -150 -59 -167 59 27 196 -375 153 -250 534 247 -241 -85 -429 -92 178 -596 553 -305 -939 -155 -248 -72 42 -395 -753 -559 486 -433 -565 392 593 -24 -195 280 -47 152 220 404 -439 60 210 322 -538 306 387 150 -509 -154 -554 -278 507 -73 517 -712 -124 -61 468 -605]
[-4 -61 369 65 -541 -495 -349 -170 -577 10 108 179 -70 275 735 -192 -340 -336 -1042 281 372 -269 276 -858 -576 -311 -224 764 -498 5 124 -185 272 -83 182 542 14 -415 -51 -99 291 539 -297 349 -90 94 13 439 35 352 220 8 -81 -237 -399 -574 319 -114 1119 -346 560 -295 414 -176 401 -382 -109 33 386 -240 164 -378 387 -465 288 -126 -254 -113 285 188 186 -835 386 369 21 143 373 -256 -128 -199 48 595 36 -119 538 -168 115 -280 496 -414]
[-171 61 -37 210 76 -766 -29 -246 33 594 -485 -683 365 19 722 -516 185 -8 229 157 173 -642 -540 -10 161 -223 733 42 -102 -322 270 -10 -381 -143 -175 -218 388 -329 243 -580 287 374 655 -205 236 -410 55 323 -296 -266 -386 -13 499 -568 152 670 -401 102 125 -195 341 -408 -530 222 160 214 451 -69 -12 438 306 352 381 447 150 -164 352 49 -197 188 581 -110 147 -124 -770 -123 353 -374 -282 642 656 -432 638 -101 123 -344 596 -824 -444 -754]
[-190 809 384 -383 690 -114 -399 -107 175 -316 619 -84 350 -350 -95 -53 131 601 354 -318 -132 -62 -131 285 182 45 382 713 -776 -379 478 152 -352 -231 339 376 287 12 296 -323 207 158 688 -319 238 184 -166 683 -124 100 303 -32 549 556 -106 262 -233 -322 -729 -139 382 -175 -372 -419 293 -748 -74 -151 177 828 -777 367 -306 -64 195 -298 -15 330 -226 453 980 -220 -630 339 33 -215 237 -373 33 361 -38 229 431 32 -777 -569 564 -375 -212 243]
[-53 181 -435 29 471 -618 -110 222 104 1 -10 -577 89 -60 -42 -664 -201 -37 -230 14 811 -423 101 14 -351 105 -176 798 -127 -50 -159 -274 -421 88 695 -487 -609 129 652 34 38 -116 179 -224 199 -517 -83 153 -410 26 590 625 373 -138 -22 639 -507 -466 173 -522 -503 -210 469 -175 98 961 87 252 532 62 -736 153 192 -629 565 264 -252 -34 118 412 165 -328 484 488 -637 -65 -299 -762 560 280 167 272 450 267 -541 -346 -44 -201 132 -70]
[222 -394 117 98 -458 550 148 -180 -561 232 140 -43 -418 2 -441 1064 -34 89 145 156 57 162 -772 264 330 425 -645 561 66 547 286 118 -149 25 -321 192 24 -277 -224 582 1 -532 103 138 195 246 -424 90 -15 -218 75 163 -181 148 -247 -255 261 -69 422 309 393 22 138 -248 79 -411 -275 -348 -30 -174 548 123 651 -176 -104 -346 15 495 -161 399 -294 -343 -134 282 579 -284 232 279 285 -152 587 397 -79 -291 409 -159 -973 294 -289 -159]
[290 144 5 294 -63 -279 292 579 280 -307 -47 -925 76 -45 -25 -302 -31 -622 -218 703 -784 -848 -289 296 312 -465 651 -340 257 -875 352 608 285 46 151 -52 -784 21 -306 -200 -117 -238 -525 -35 -417 -313 91 -848 635 -543 -363 -258 -465 -456 691 -171 171 -54 109 -772 94 342 42 -301 84 -166 776 -901 -446 551 -94 389 252 445 194 73 291 -755 791 515 86 -225 179 -153 260 49 250 -161 288 -197 -223 636 -254 20 -412 -339 423 67 514 -442]
[-40 397 199 415 373 463 -360 160 -132 45 -7 -182 633 133 197 -187 504 170 438 466 386 -493 -402 290 -44 324 210 396 148 -334 643 82 -81 31 -395 704 -73 326 154 -62 -481 -579 1101 207 4 724 323 -261 278 -381 473 702 -23 -586 218 119 -387 1061 202 -650 504 310 500 11 168 99 -396 -512 -647 -146 10 411 -29 -32 -231 -607 -357 -491 185 167 112 -29 -452 -388 172 -271 158 321 271 -226 -587 40 50 -117 -51 -402 439 -484 118 318]
[703 -286 -390 234 -343 190 307 -635 -545 212 310 -503 -400 519 705 -31 -540 132 102 -155 95 -1 191 116 413 -169 -483 -333 536 37 -284 541 364 -519 -58 -586 -497 -591 384 565 269 -737 -414 -74 178 -120 -349 -151 -288 -235 -161 36 -10 -187 214 1 100 52 273 192 -110 236 78 -567 -264 131 339 215 268 -212 823 -57 791 650 -253 499 350 -647 114 -559 -292 -129 -176 -254 199 -49 -64 239 -90 -151 519 15 172 309 239 -90 -293 605 -60 -416]
[-47 27 273 340 0 -5 -239 10 -151 63 65 -171 19 -205 -835 160 230 -17 -283 -232 -376 -123 -734 4 552 427 45 481 -454 -210 -5 -258 -776 -189 -127 -166 170 279 376 599 -732 459 -566 -264 158 26 597 -23 80 106 -296 495 1161 142 269 -144 -485 25 372 -326 -637 -236 -141 87 596 658 369 -249 -237 332 -427 -331 -200 838 -570 340 -6 597 -452 -385 117 308 116 118 -419 -345 -614 -153 313 -289 442 389 -152 -684 -232 -168 100 -285 229 118]
[-871 756 291 446 -478 544 -92 194 -163 -59 -186 344 360 236 -372 477 569 380 -573 -74 -365 233 436 -159 -607 -103 463 1305 -172 -598 -126 33 -284 350 266 -444 225 13 452 720 -401 316 456 -109 189 329 188 730 -324 183 -54 -822 903 964 -425 -293 -495 -429 -162 -311 830 -524 156 -280 218 -666 -453 -317 -690 455 356 -5 15 244 -355 -73 369 669 -362 247 470 -313 373 612 721 -413 -474 -864 52 45 390 344 604 -154 245 -415 592 -661 365 100]
[-813 -142 -362 -482 -714 -473 -705 136 -198 215 -409 542 -760 68 -23 422 -111 -183 -625 499 -614 -252 -418 -533 116 -276 96 -60 -151 -262 143 645 573 89 487 350 163 16 492 -7 -234 -359 -133 -230 -689 119 -112 -459 687 402 833 203 -267 33 -456 242 89 147 -52 -610 790 224 153 -58 -51 31 -216 -383 209 39 -116 536 -72 -488 407 40 -10 -285 514 161 25 374 -4 -405 11 27 260 730 522 -454 -1 140 381 -401 451 -94 -69 -540 -47 598]
[-74 770 -73 704 58 -103 223 -161 -109 222 285 -739 603 -345 170 -294 -490 -413 -49 268 -42 -92 -223 6 295 533 -231 -77 197 641 -25 77 -780 380 -325 -165 -436 1179 315 368 -175 346 -51 -233 551 182 381 328 -481 -76 -369 -126 191 -660 -482 -410 -234 8 39 -36 -43 128 198 126 262 -362 52 -490 95 -656 107 -2 -294 296 508 114 -355 366 312 990 -168 -76 515 1430 -507 -119 -159 -262 260 23 234 203 -441 -385 424 -191 -398 -72 -331 2]
[316 7 173 595 -420 322 182 -525 709 -280 -250 -406 315 -614 652 49 -58 -236 181 100 -267 -345 273 170 -229 -326 229 12 -9 141 247 211 27 -52 -678 700 585 -424 -61 155 -429 -82 -16 269 404 64 -169 -750 62 586 -12 -345 -240 82 -419 -637 22 107 -77 -114 -341 657 -272 395 -438 -422 -870 -1 -233 -1025 -153 -448 232 29 -712 50 131 -301 -432 -474 -476 -291 -248 -144 -320 511 -23 303 -359 -386 -742 486 175 -352 684 -784 -78 -387 624 -524]
[134 -308 268 -522 381 37 272 -9 588 115 200 -309 -686 -20 -76 -6 -8 -977 -378 200 46 -231 -389 -199 134 -524 -419 -355 -296 423 -222 224 -482 -92 419 -185 510 531 -126 -106 -411 189 -458 -264 514 -130 -626 555 650 -68 237 -277 -271 -968 -690 -187 -407 142 120 -331 212 64 -263 -203 418 -193 -138 -103 738 -669 -471 283 -232 -71 353 258 -458 -85 554 193 -559 -561 360 -154 -353 655 494 492 760 -196 22 538 -73 -149 174 14 -127 -32 448 -289]
[-225 -124 -66 282 -209 529 161 423 89 -255 164 -245 301 180 -199 705 -48 182 125 -384 164 -770 113 351 -22 519 -1184 214 101 -410 137 -286 -59 132 -634 -3 426 814 -671 282 44 21 101 -154 -91 83 -148 612 145 -291 404 -169 -547 -437 -522 261 -72 240 296 -233 -89 363 168 -137 234 353 -438 -263 318 -702 654 181 251 -11 227 308 -258 52 -35 -132 -166 -185 814 208 -303 -275 -95 -140 0 172 -635 -123 -437 -234 769 -28 295 -740 178 286]
[-169 120 -807 128 487 -420 -12 454 -22 147 810 158 -798 49 236 324 -31 152 -112 5 93 -210 -615 393 797 89 -305 -219 -232 325 478 -227 -127 -112 -1412 161 84 -171 -131 -179 243 375 164 272 -685 490 -71 -105 55 142 407 73 13 -12 -314 115 157 259 6 -600 -138 706 183 -396 553 -133 224 -210 118 -95 245 -340 -372 -70 530 -142 -383 34 125 634 143 951 -577 -80 -83 -474 -63 1072 -290 625 338 -904 -901 -260 22 -343 264 230 -316 582]
[-583 -403 371 -122 99 -83 597 -305 376 -993 518 228 236 -286 108 -371 107 227 728 -165 228 -479 1261 111 -697 409 -68 440 2 19 -476 18 -38 107 5 447 138 659 -312 370 -652 156 -679 469 69 -208 129 799 -63 232 21 -830 -51 -180 140 -82 9 -77 383 567 -185 -15 52 711 -189 -39 -173 472 -128 80 121 -632 -431 151 -316 803 -438 -261 -305 -182 -103 420 793 396 -387 211 -887 -290 96 26 -644 265 63 428 204 369 -397 538 148 359]
[217 673 -74 72 -231 315 286 -491 252 -426 -211 213 185 -470 575 512 323 169 694 572 -382 -142 206 734 -357 157 295 630 -318 922 -393 290 665 10 -614 669 -134 220 95 -201 611 -663 -518 203 -137 141 -654 297 -127 -82 -506 530 -130 -646 9 -670 -601 102 486 761 263 -180 -174 -717 464 189 89 -297 -304 94 740 -173 -362 535 355 -157 601 -432 143 -113 123 24 -750 687 -627 719 -111 303 -27 615 102 357 243 393 -221 182 -433 -60 23 -151]
[575 508 -173 9 5 777 -42 98 135 750 -358 96 459 250 119 -724 108 -249 -495 -176 270 116 -81 -166 -557 510 -863 -416 229 426 290 349 -4 -405 32 249 437 -128 -406 -236 -347 -975 -495 -511 194 -588 -101 50 -780 173 -558 -641 -225 40 126 -206 -828 -185 643 -165 -461 865 253 -742 -238 -501 -640 -461 -346 -733 7 -507 -119 -291 344 1055 -510 298 466 -183 -127 70 393 -403 -20 220 247 -571 -311 193 -743 74 -454 138 139 90 65 -279 737 -405]
[568 205 703 9 -39 86 110 -293 322 111 -134 -194 685 -402 404 -105 -129 -76 -662 424 127 19 717 -321 -727 735 -261 653 -4 404 -198 287 111 -221 -478 437 8 1012 -510 -119 239 -258 -297 98 153 -559 -581 539 -320 -638 -562 -551 -466 -143 575 -165 -375 270 83 378 11 284 794 -102 -289 205 1075 335 -185 -168 713 -607 80 715 267 -597 147 -145 -332 96 48 41 543 -13 -364 254 561 123 -461 -395 99 643 -363 701 -458 643 36 -59 189 152]
[85 295 550 -526 -449 264 -348 103 293 -247 197 -343 -80 -290 -549 429 -846 -93 -103 -187 2 -246 -460 556 415 -72 -189 349 -366 -782 360 69 236 52 -222 27 356 955 583 -464 114 -216 -586 -747 -30 106 166 248 711 374 -11 -502 -327 255 -405 94 -231 -497 -740 -105 -271 293 -241 -307 99 -713 -418 -583 220 121 -605 401 666 -213 159 1022 -191 33 -288 597 -136 -212 406 217 -895 131 -309 50 -65 -675 -412 -192 152 -1222 86 -122 -194 303 276 -111]
[251 348 186 334 309 186 459 220 -11 -214 -352 16 721 -288 -78 -668 -340 925 398 -103 335 281 223 -165 -283 556 -40 207 537 312 223 -378 -432 -400 -478 -99 -345 -59 -216 -584 422 209 203 -371 451 730 523 59 -717 362 -703 -603 -38 -335 129 -349 -458 11 437 -57 -298 150 -300 52 557 479 -327 -608 -556 -297 475 -265 83 166 90 350 -236 231 -325 -41 450 266 467 158 -238 -227 254 -524 643 140 -12 -545 -786 499 -38 -40 674 322 170 298]
[-333 -407 -345 411 244 255 -161 -246 -296 -258 -406 -561 198 322 194 -514 271 433 -336 377 156 826 877 -870 -421 -362 -660 55 438 408 456 380 144 856 -14 -420 68 -612 101 679 181 -159 168 223 -53 -171 -306 -263 -285 -117 338 -251 -273 109 122 -1199 1108 -128 551 -107 -441 -153 214 -130 -276 37 750 -78 346 -746 126 216 -469 411 168 103 13 235 886 -797 -302 24 795 -82 394 -374 407 697 -93 129 836 574 237 118 201 129 -470 -319 122 249]
[150 -819 1173 -361 247 368 -342 -569 -72 87 -225 -440 -35 -370 -433 -209 -640 -904 -442 -553 -185 -126 -302 -182 -22 771 -462 -2 -86 78 -46 -110 -33 -629 312 141 -524 829 -145 67 58 -656 -370 129 -103 90 -826 -243 -89 -26 166 -294 45 60 48 -439 12 -279 -541 -236 -921 317 232 -21 -1065 79 189 213 -30 -83 -516 -158 350 426 -1219 -310 507 -294 -408 -679 -333 -423 -62 -573 50 444 232 978 32 -803 -346 173 -155 574 -543 64 -611 -48 -6 -270]
[-166 495 350 -377 -167 424 457 94 186 151 -467 -273 74 318 713 213 -322 -245 54 -38 271 -243 129 595 216 -75 642 390 -683 397 459 -101 210 166 61 -31 -453 294 552 -41 236 349 -5 -322 -66 107 -299 381 -223 261 -453 257 -639 -277 -205 -266 -356 444 -287 361 1323 16 -713 63 -68 179 -443 -383 260 -223 1046 331 -394 -421 340 -365 -466 -3 -351 61 289 -725 -173 140 -152 -612 283 -441 754 -70 -346 79 -542 -359 -407 306 -709 -174 -754 789]
[-495 504 -99 -324 -1479 270 50 157 -383 279 -671 222 -245 -24 -41 -731 -48 968 -487 318 -62 -720 140 654 332 406 14 862 -691 -666 402 -737 419 219 465 580 117 -10 529 200 -40 -287 -135 36 -32 -305 -52 -72 311 -135 -19 406 -284 660 -89 -190 468 -37 -284 -143 -264 12 257 -351 -587 275 -826 -95 -165 -108 -353 -286 416 -146 290 392 -879 -895 279 -367 193 -276 -299 -246 -65 123 355 -339 338 -969 -589 -188 -42 -761 379 -130 -473 379 135 304]
[306 201 876 -14 -441 -703 242 -570 118 581 -23 344 50 -376 -150 264 2 -43 -753 353 129 -67 -159 486 -295 391 152 742 -54 -659 400 -230 -648 272 -184 898 179 -302 -128 531 -517 124 203 96 109 -943 340 244 1111 -231 -503 735 200 300 -45 -122 140 -236 182 148 -367 270 312 117 -497 -401 853 680 345 127 -248 -527 660 368 -315 -82 -335 110 -323 28 533 -237 183 -262 -87 488 -132 -1060 220 -194 -11 221 233 307 224 472 225 227 273 -438]
[-515 -88 -478 -245 599 167 -440 322 541 -281 206 525 -48 -267 -211 -133 -246 -497 115 -267 305 -595 228 341 183 -466 -190 -76 219 -216 -284 -48 266 464 -229 -854 -162 -188 91 78 163 552 25 311 351 -142 145 -360 14 281 730 -153 25 -894 43 148 903 197 36 -655 689 -477 -600 -244 -82 359 -250 223 345 -630 266 85 -105 -843 -110 460 -622 192 104 580 43 -415 362 -163 562 479 721 867 328 -491 -225 -20 249 43 1025 -130 224 -160 -50 -312]
[70 -656 -117 -205 -745 6 -23 492 -580 -69 -251 -147 44 559 506 -32 -671 -171 -474 119 191 -826 -7 -168 5 -182 291 231 -48 -784 261 181 557 45 462 -538 -476 372 952 -310 106 55 -44 -114 -230 39 -287 46 -766 -511 420 104 149 -365 59 -63 -225 236 135 -254 -147 344 135 227 72 1087 -264 -187 -281 477 309 439 157 433 -132 240 218 -259 168 -456 -513 -167 -187 -136 -1116 -190 -862 553 -328 -322 23 -322 -253 -52 -813 -68 -269 -65 -111 501]
[490 30 45 -46 -297 193 -111 290 -300 -466 -200 -200 -15 -152 212 126 442 424 47 -297 419 278 245 -6 139 -324 -202 866 -67 95 72 61 -162 -106 712 -543 -285 -16 656 203 95 414 -74 18 446 487 129 119 -863 97 -268 -432 100 -663 62 -40 -278 -84 319 287 243 -886 -226 -105 660 91 395 -362 192 441 451 -73 181 390 -335 -568 610 506 372 -54 350 -338 -232 646 -143 137 -32 -293 280 128 194 188 25 -104 279 310 522 37 -304 69]
[-173 307 504 -557 107 195 -357 365 -276 345 -69 -268 700 -146 -127 -184 -190 -630 419 -36 -81 436 12 -330 -522 216 -1226 153 545 290 175 193 -823 -7 259 -836 509 376 60 204 -860 -374 -76 -500 23 -455 -186 195 -504 -125 -157 -495 123 -28 -286 179 28 67 529 160 -10 6 710 -413 68 -202 -295 -459 427 -466 977 -537 344 -262 703 190 -316 98 -438 -160 -366 -774 792 64 -276 -119 96 883 -386 93 -51 -57 -493 637 -619 279 221 -495 623 225]
[-67 -93 283 999 -827 378 110 -107 -215 483 -466 -79 -40 -623 164 469 -38 -101 504 -109 274 -154 -497 -33 -297 41 324 83 99 315 277 0 -418 297 67 1021 882 184 -232 804 -7 -450 318 -53 -56 -292 -852 -320 28 193 -108 -542 -765 467 161 -18 80 -204 10 -55 561 -52 272 -71 -8 -501 110 306 -103 -615 -319 -58 -22 98 -198 -694 616 -254 154 -363 -39 -429 -108 -258 197 524 -101 -150 -477 -205 -308 191 180 -404 -439 474 -400 -624 300 -145]
[112 243 -275 129 467 -170 -652 -313 23 166 -392 819 338 -526 -920 152 -59 451 529 23 -35 -322 180 21 21 71 577 -134 -892 335 -123 -398 -902 641 -138 88 193 -388 -665 -25 -267 175 601 -91 296 -278 118 411 -263 552 417 715 214 469 273 159 -122 317 125 -99 509 -856 -69 -452 370 424 -316 382 58 -207 123 -30 -71 -443 -162 62 -413 1065 -544 427 117 -294 -137 34 343 291 102 -709 242 -357 456 206 -7 -539 -134 469 372 90 -10 -407]
[184 -336 -475 -295 -282 70 -1110 232 -617 310 -630 204 106 -99 -109 216 411 772 -131 -451 -248 684 -103 130 -156 1 -541 881 155 -459 -483 -455 162 216 328 -147 241 48 126 188 -233 -592 27 41 751 -285 -306 -171 -203 -55 94 -448 266 549 304 106 661 -503 -3 -239 -414 -506 354 150 498 -173 184 -63 -286 -259 -1009 742 273 -335 -301 185 501 72 111 -330 -761 51 -35 -210 545 101 504 770 -196 -631 -664 332 765 -866 925 -228 56 -315 530 -204]
[-405 554 -61 151 -90 295 431 -81 -332 646 707 527 -191 526 254 826 493 5 175 -325 47 -508 -1010 444 246 481 -493 -597 314 311 452 -36 -48 -186 -141 752 -402 77 195 93 443 -666 -350 -505 -862 -700 -24 69 -103 26 -270 482 -498 -732 -258 532 -560 594 458 438 223 166 -268 17 449 183 -641 -299 510 313 961 362 -949 44 901 253 665 -374 326 154 704 287 242 408 -556 -399 -567 243 331 817 -155 -517 -108 108 -148 -66 201 -237 533 337]
[-260 17 -118 1149 -416 761 -26 -452 205 -5 190 274 664 -10 -557 82 455 -43 -670 -725 448 -1106 436 -259 -510 631 -123 784 63 -1377 -348 187 458 -13 -188 -404 87 -59 430 609 -196 -574 34 161 -113 -231 488 147 -1035 81 -122 60 411 36 -833 252 -157 -650 356 -460 -116 496 238 -704 -38 255 248 386 -408 110 -24 135 554 145 -141 1096 374 -558 -316 251 -149 -254 142 542 561 -423 -13 -24 -478 110 -149 -31 225 -53 794 -171 -166 417 529 -301]
[-563 109 -272 55 -350 480 375 -71 238 220 -215 272 -236 102 309 -275 438 598 260 373 571 30 -102 -776 -191 287 -557 594 450 -720 -179 -439 -63 337 -178 -188 373 23 -794 584 112 58 -501 -485 -2 -578 418 525 -165 -158 -724 386 4 -38 -366 276 -145 419 312 317 -276 142 358 5 475 -39 -397 -143 -552 351 369 -161 710 -250 -116 -131 -184 185 251 568 370 385 191 -270 -132 -43 -424 -509 -87 -2 181 350 -2 -33 -9 -262 -230 -77 90 -15]
[-393 339 -51 168 615 298 -545 -329 -17 -110 404 -193 344 -847 -108 -387 -208 -141 -650 71 -765 146 464 479 649 -69 24 275 -470 338 -392 349 122 449 3 -267 -9 -88 217 -481 -470 -200 669 -791 390 -604 311 252 -271 -170 517 505 960 314 -267 -584 424 -405 507 -38 -58 -862 217 141 -366 714 489 587 -463 260 -455 557 308 -71 58 263 -481 -53 352 -614 -609 -232 -602 636 300 -125 166 303 692 -480 143 88 389 -822 -628 246 117 488 -190 -571]
[-166 230 56 351 -2 281 -354 -82 -244 166 510 232 -1010 434 -513 -172 3 270 -651 459 -170 313 -163 -57 442 -103 195 -157 -160 8 -166 -71 -248 487 579 44 -804 908 87 -124 554 188 -279 -148 143 596 -24 -187 -62 516 -35 7 -270 29 370 -729 297 -193 -511 432 143 -101 -137 130 277 -739 -529 -988 -19 666 -759 19 -123 465 -4 -646 -198 834 361 455 261 289 375 1113 619 413 195 -261 529 -426 -173 573 -294 -130 -174 126 669 133 -305 1097]
[45 335 368 218 822 252 -242 -829 66 -169 252 113 182 860 -336 -107 193 -264 -259 -945 -594 -309 -144 292 -17 -160 197 48 -717 -747 -337 546 14 137 -60 -265 -172 35 301 263 -99 214 -507 239 21 -181 512 132 134 43 -577 -11 304 -555 710 98 -141 28 685 -97 -352 -274 -290 117 190 201 177 -12 -278 582 377 -48 -9 396 -770 402 203 -58 -454 -137 -550 192 385 248 468 -3 -119 -283 646 -225 -302 417 398 125 465 764 505 406 18 79]
[-280 -446 404 30 75 -95 641 629 107 118 -250 -412 577 155 -534 -141 -450 -167 -155 -432 69 -182 -276 -530 286 -315 -178 -319 268 -602 0 246 -68 -496 67 79 281 -422 171 -723 -619 357 -50 150 759 568 520 -126 -409 84 -52 -220 780 -1 -300 365 -315 79 205 77 -297 451 -229 596 269 -219 -327 -16 -680 -368 216 103 556 52 -100 367 -354 380 -524 -26 -535 -745 25 148 -150 -936 619 -82 -486 422 -35 -65 -426 166 299 -626 -88 97 340 -23]
[-605 518 659 -192 -100 92 -374 197 -173 -40 60 221 -167 44 -365 41 -307 -17 119 -304 -591 719 170 247 -374 81 -311 -921 -238 1021 18 -330 5 -672 -24 269 92 671 -185 398 27 -305 -366 -411 771 -132 201 255 580 -357 603 -156 -494 523 -298 70 -453 75 662 -141 139 36 -44 -361 -223 298 -156 568 618 -245 683 -379 -853 -224 224 1036 557 14 30 -464 252 164 736 -368 -794 -57 -83 -171 -212 33 56 -945 -352 143 48 335 184 -265 -64 57]
[441 664 -287 -159 -219 -247 -112 798 21 -1069 504 104 74 -123 -237 981 260 540 -422 95 -63 -5 800 -401 247 -212 646 371 325 -555 -19 421 -48 388 208 -139 -285 -608 -496 -278 -274 185 367 -20 -90 -757 323 326 242 387 288 199 354 538 297 804 -268 571 -357 209 809 48 -281 -118 376 -218 141 -159 -337 429 -219 578 -9 -605 538 129 154 396 -217 692 911 624 95 371 -64 -201 72 -1020 -139 378 -168 405 355 -675 463 -297 58 42 -536 -259]
[-372 244 27 -634 299 -310 -270 341 -160 88 555 -13 -239 -187 507 -233 -31 582 327 678 -451 -119 452 369 -318 -350 315 484 -378 -38 323 -458 370 118 -130 608 115 -52 475 154 -214 251 326 908 -59 -236 370 35 544 -79 -65 343 154 -205 -467 -119 544 -13 87 143 -13 -609 264 -215 151 -262 302 1060 501 736 -189 224 -352 -10 259 -539 -364 -356 566 -370 351 -376 -392 175 -572 220 1 -294 355 308 -20 558 622 437 -82 -70 369 209 -315 -64]
[156 -146 -141 0 277 33 360 640 368 645 -343 -347 -97 603 -414 240 -43 -282 47 260 -165 -323 -318 437 109 -481 406 -599 -282 21 313 -274 -158 947 -121 -590 -99 -141 80 -532 500 409 474 518 1006 623 130 -190 -59 338 -187 -42 -28 671 -261 -345 231 154 618 -242 25 -542 1 486 388 269 -842 -107 -807 327 -288 97 -114 162 -121 502 -435 461 -510 534 -358 167 457 18 177 142 434 -260 662 -226 508 -802 -153 -710 178 480 72 -305 -537 -308]
[551 -696 112 192 -558 410 -93 995 -355 -505 -573 -217 -146 129 -428 220 214 -618 -163 -116 189 66 587 270 -668 -258 -151 119 -250 286 -125 -299 -86 -72 566 -290 -449 -346 -94 -115 603 254 -208 550 2 1045 -539 -326 -718 -69 -160 -607 -168 -322 -448 -683 39 -320 -3 -150 -227 -521 -476 -389 -185 -201 -895 -369 35 -882 -231 -141 -267 -44 -100 83 403 140 417 -362 -302 86 95 153 -81 87 329 587 -753 -21 -323 -201 -162 92 239 482 -49 18 186 -299]
[-731 -456 -65 -327 -201 -242 -250 179 -325 76 -102 63 16 456 299 184 43 409 -482 -149 225 -680 236 -810 205 -407 422 373 122 -428 84 -417 56 -242 45 295 -286 -148 -501 -291 152 131 -295 303 -905 112 -291 440 55 266 -393 -442 -171 216 74 -567 907 -90 -152 -401 73 -222 68 -214 -179 23 -435 110 185 -267 -642 128 -177 -295 461 -183 -375 -783 -80 -315 -102 -19 526 -140 544 516 72 184 -252 -799 -77 -258 162 -622 788 211 179 -458 637 -549]
[780 -448 343 -357 64 246 -14 -503 -23 269 -263 298 -343 314 -263 21 445 278 -170 -112 -628 -296 -589 189 246 150 254 -559 67 -164 -340 498 174 -92 276 282 182 -599 -321 -437 -135 535 -215 -926 -222 -873 148 512 108 378 491 -107 452 613 -72 990 -1047 -3 466 40 70 -123 -178 -191 -582 118 -311 -254 -255 173 -323 -202 689 118 -247 259 -110 -22 -373 150 392 542 584 -218 237 -522 -454 -683 -397 576 -179 151 -319 52 -185 -244 965 -585 623 -930]
[-458 -289 -355 201 29 965 497 -426 -428 -337 -626 -126 562 734 290 840 743 97 -682 492 -808 -107 243 182 277 38 -488 40 -169 -306 -310 612 602 667 194 12 898 222 764 352 561 -955 -661 -99 -971 -619 -316 435 343 -448 -601 614 -528 -12 159 -207 265 -251 130 296 319 347 196 -182 54 263 298 -602 -131 647 -201 315 -47 47 183 -264 66 -494 126 -253 -1094 535 7 345 -149 589 -130 443 -332 -156 -92 -274 412 -8 -196 125 51 -984 128 -38]
[155 183 -196 -39 503 -97 -140 -636 168 81 -462 855 -367 -108 -497 -198 -366 561 187 -517 379 590 247 -244 168 71 -604 -371 52 54 -69 -690 -862 309 -772 383 616 402 -49 -256 173 384 482 -619 159 26 507 -43 397 706 -405 -246 41 -586 -222 -363 815 432 -226 391 -1028 626 -542 -433 -363 7 -352 430 906 -1045 -126 -443 149 -53 399 255 -219 819 -2 -163 -168 689 -39 -545 -598 64 158 827 -491 -335 -175 -370 -3 -180 442 -61 31 373 114 373]
[587 -680 466 402 -195 -558 108 17 -692 692 363 139 -586 304 -311 805 326 -451 -716 -215 525 -472 -332 -404 -167 227 123 69 -411 504 351 165 -929 -98 113 1100 -132 201 -292 -39 37 629 -172 177 740 -156 -113 120 -248 -171 -297 28 665 208 460 233 -63 366 37 -292 -12 -136 301 439 -150 -226 -387 -310 -177 337 -87 -896 33 -171 -511 -559 -185 690 59 750 206 554 476 -130 -55 96 -161 -556 -87 197 -95 -36 -36 -574 182 341 -241 -411 -326 -158]
[-416 -297 -176 -607 -129 275 650 514 20 102 297 -68 230 44 308 157 -823 73 -233 504 66 -302 -281 629 484 732 -290 87 479 508 392 111 538 -221 251 454 -801 -239 449 -753 -547 -253 -300 172 -902 363 -547 -25 99 -503 -268 639 87 289 -227 12 -606 -85 702 -514 -337 -146 515 306 8 30 -832 -396 -535 -113 -762 -91 -250 -455 518 260 -442 -102 180 456 -144 -251 199 495 199 -377 482 272 37 372 -123 -308 -215 507 -344 -79 -517 -209 299 366]
[665 -161 246 -22 -128 49 -335 68 36 -380 -53 140 -46 -175 -673 -107 -562 -319 -345 -485 -354 -53 -472 126 -324 212 -611 -604 489 -277 -144 257 -135 -855 -262 227 -648 176 -503 -458 -38 280 -483 -430 39 -631 466 -813 -57 869 -462 -753 316 -91 108 46 562 -404 -140 39 -418 375 -441 791 -276 595 119 -439 467 -216 863 -88 116 270 74 698 343 -54 -457 -624 277 66 619 -328 -23 -275 -548 201 76 196 -91 446 -393 106 70 185 273 -272 393 -334]
[-94 -33 2 -428 -256 -47 -55 29 835 -135 268 -96 211 -346 -318 325 276 148 388 757 -564 -657 115 306 84 -890 183 -383 -186 -245 -299 52 952 34 256 218 26 -133 19 273 579 456 -456 300 -260 -33 -53 116 172 -302 -86 133 -366 -48 -820 349 -516 2 -129 236 -301 -625 -7 601 -173 -36 -796 727 -101 -14 -326 478 232 -158 -708 161 -408 411 532 -121 -242 433 189 -91 -655 444 428 -383 -334 -406 130 102 27 134 277 161 -43 227 285 -502]
[196 606 -67 976 -171 116 -269 61 310 -689 82 -1192 41 96 755 -698 1046 590 403 505 692 -387 497 155 -434 -88 325 -133 217 -733 -124 -278 68 -155 -272 214 -1122 -89 -256 312 579 -478 -50 748 487 592 73 -461 733 -1 -168 522 -327 -538 121 -227 -178 -101 331 36 -61 -11 -121 -157 -555 66 -500 -301 -10 288 375 110 -48 302 -252 771 506 55 -91 -220 514 283 -348 220 -703 636 -672 -508 -164 -154 -82 47 193 -63 588 442 -758 391 660 -113]
[290 352 -258 -301 -1140 -424 -182 -18 -79 395 157 -559 140 -170 159 729 -307 681 -968 -17 403 190 -1 566 186 295 -463 563 107 -338 373 -82 -97 -659 208 18 -494 -79 171 165 63 -67 247 6 -368 276 -593 257 -261 -538 -843 -316 190 569 -219 286 -582 -604 -336 505 92 8 172 -788 -284 145 8 -208 140 273 -244 408 -176 187 465 539 335 1009 167 563 1191 -546 -352 132 -19 259 70 -176 -632 369 532 -217 260 187 88 235 -580 -647 -40 257]
[248 2 -411 -490 307 -369 4 -33 281 -679 58 2 -138 438 -230 329 185 18 -89 113 -585 -136 -231 -111 338 210 460 -262 -295 649 460 745 -139 -1046 -386 331 -83 -107 474 310 -122 351 -706 -527 502 520 -25 118 -131 257 -44 -533 -370 -21 -168 -52 -298 364 753 -229 -121 535 -1213 430 59 485 19 -1169 380 -19 388 -413 -37 -224 319 -92 530 625 -278 794 260 462 677 -186 -193 -843 -197 -440 22 -9 -329 395 -143 192 -372 -859 392 -456 -170 -30]
[335 -329 -422 250 695 -805 814 131 -9 -667 94 343 -91 167 1288 905 99 -452 -132 618 431 -369 886 -52 -140 -608 824 719 250 595 166 -64 -515 -139 -485 282 150 -530 339 351 -1088 486 -436 74 7 -1125 -684 -95 -470 -94 -13 79 264 -14 713 298 398 248 -116 -186 147 509 51 325 -366 -15 364 193 306 -290 366 -423 -441 -173 -105 -545 -242 332 -292 470 -344 -172 -310 -112 -37 -173 -200 84 -1200 468 186 749 -41 225 -476 -574 -439 -235 75 -26]
[454 -628 687 624 699 6 648 -111 -312 -177 499 -309 234 -509 -504 -265 -766 -24 -444 55 431 -568 -25 -123 -196 659 -204 434 478 306 -173 624 -540 532 191 239 -657 416 -6 156 -116 -133 241 -58 283 63 304 542 89 236 -375 -226 -370 -683 71 -219 -249 -66 373 306 191 44 466 59 458 157 166 296 -124 -72 443 -60 428 -160 290 -70 -632 -201 -57 337 -284 -750 550 1010 248 -236 -198 -681 900 -188 462 888 -960 658 320 166 -260 398 -542 -492]
[-337 -89 32 206 167 169 -288 -372 -17 -323 427 -77 364 -99 325 -350 -420 -127 -632 581 -1175 -66 390 -359 -274 265 151 515 -239 -478 -556 407 627 15 256 44 599 -69 -135 299 -47 -142 545 651 188 -450 -471 564 175 664 369 -119 232 490 230 455 75 -62 451 6 877 -874 38 576 433 325 1088 552 -149 312 -501 372 227 -95 -122 -228 -136 -454 114 -759 239 -820 180 -167 9 324 224 -739 506 32 438 528 -287 394 -414 -446 578 -191 -506 77]
]
