[[-5 21 -294 363 -221 -166 10 -51 573 -92 -129 -322 -340 187 -333 -91 301 -347 249 -228 151 158 45 160 883 -58 119 -4 -35 151 -282 227 -191 -355 34 -487 347 202 751 -71 -405 -19 98 -192 255 331 163 -55 -254 465 522 -389 -65 -329 496 294 -115 -74 -124 259 123 -77 -176 -329 74 -47 -243 -139 -110 -27 498 -119 177 333 -76 -449 109 -233 120 -183 -388 211 77 203 452 151 -403 -12 -93 -167 90 337 -80 -143 -11 351 -204 409 224 -22 147 308 -161 48 -370 144 67 -174 -489 -69 373 364]
[-45 207 42 -314 432 -187 -378 318 -473 -8 -116 -266 66 -1 223 -267 395 182 -225 -96 18 -72 -209 1 -50 -11 -307 -188 -597 -370 -95 -509 -207 89 -224 -136 -350 -247 -248 19 -157 275 -46 -156 140 480 697 71 225 -55 192 319 600 -276 435 -313 130 106 -138 204 -378 -70 -259 348 195 143 201 185 484 -265 -118 -381 -517 -170 -67 352 -68 -31 -24 146 103 -442 -381 -24 -259 -343 198 -14 -69 -388 -231 -381 373 209 -263 -229 38 -313 -178 410 -262 -250 198 -104 516 -145 444 240 217 -300 -17 61]
[553 -81 -1 -259 -31 -101 403 299 170 75 544 347 22 -259 301 142 391 196 -129 207 -132 52 446 211 69 -175 111 -190 -469 -717 -238 75 -221 93 79 81 -233 18 -652 181 244 -1 -182 214 211 -198 -135 -149 182 -82 -247 -496 69 308 329 -94 82 135 293 -89 -344 458 4 417 -235 -138 183 -203 552 -70 -505 -289 135 -308 109 231 -252 48 -64 -126 149 239 708 -196 149 198 117 173 78 -324 -101 142 114 -205 -40 151 668 -491 -500 50 290 277 -187 -119 198 143 -34 11 321 -75 -325 339]
[365 -13 66 547 -314 -253 255 110 642 31 466 -267 -624 321 55 231 311 -47 -81 -11 191 371 -709 -54 394 -284 227 21 -264 -243 -733 290 -75 -128 48 -287 5 -257 201 -107 193 296 -170 -347 364 568 -456 316 245 199 -149 -99 18 -374 443 183 -497 -67 -143 124 -708 228 301 465 -424 -86 290 -22 588 -314 571 23 81 34 -46 74 -294 433 -72 -106 10 7 881 416 309 -320 -506 -62 -339 -136 29 100 -232 129 172 411 137 73 -48 -241 327 31 -545 80 -311 293 -168 -159 -221 -39 45 516]
[231 -311 -456 -88 -72 -54 177 504 -117 -241 -405 -129 337 419 -294 142 177 -248 -279 -81 -455 193 -28 -303 404 71 211 -105 -495 7 299 119 207 356 8 -495 14 -239 325 465 -502 -187 -169 -218 -49 487 24 -557 -161 -98 173 93 130 40 66 382 -27 -48 -19 -139 232 710 -234 -2 89 163 -134 91 -29 -97 46 210 -297 218 24 240 -204 128 -1 54 399 -510 123 -439 161 492 -153 412 681 35 -204 -129 315 -343 -378 -147 30 290 202 -283 -21 -172 -1 279 48 20 -60 434 61 -593 -84 -193]
[547 62 -185 -459 -76 125 259 5 -111 458 110 -14 -276 123 404 -72 -191 257 251 -199 104 -242 -11 -358 -667 -59 40 181 228 167 -77 -468 202 -246 170 201 132 335 -122 -697 142 -199 411 -128 -139 72 -512 659 -195 -253 -299 -87 -486 -373 -450 -455 178 -171 63 81 331 8 84 -192 324 25 120 72 -99 404 161 466 117 604 -250 -135 -8 615 381 324 418 -316 140 222 -397 -73 -319 -211 -114 127 33 -367 -236 -53 31 73 381 -123 204 -295 352 -232 19 -426 97 -197 -328 122 575 538 369 -372]
[-336 -318 -65 564 -393 -141 81 350 152 -137 -278 128 60 507 -256 -126 38 -197 -323 -4 -9 -224 -97 -113 241 609 539 -250 -76 199 -94 348 298 272 228 -56 459 231 921 433 -42 -461 39 23 -384 -566 -1 -173 76 -108 -276 374 -340 -146 210 -13 -228 -311 20 126 298 312 -200 105 -35 -129 -28 294 -127 295 -84 122 276 77 -306 -481 364 15 96 284 -282 -185 122 124 -619 -88 -298 -33 -220 29 875 259 78 -390 -345 16 535 140 271 -616 -193 -282 -223 77 -651 156 -567 -99 254 140 197 -295]
[327 526 -225 733 -279 -116 514 108 34 -231 -534 -111 33 28 -76 128 12 -572 -17 214 66 868 132 96 198 -111 -4 -319 -96 32 -190 151 -375 -349 14 -48 81 -441 236 -86 -492 346 -80 -241 60 849 273 -614 -1 542 292 -117 600 -318 -283 163 90 128 -523 -233 -139 299 62 100 -676 -306 344 -249 176 -490 252 -76 -74 159 -414 476 -312 -231 240 -101 212 -245 228 214 657 63 -466 181 -429 -240 98 341 -42 -312 -66 -404 100 360 26 254 211 303 -136 68 -408 78 29 -134 -64 -49 -431 -284]
[306 -387 -430 -474 450 -174 -10 158 570 456 -232 -54 -159 189 -169 459 153 201 -570 -121 -632 -458 199 -710 419 -141 11 25 102 -160 192 384 105 -222 -227 -545 -197 255 482 -10 -179 -115 -47 276 438 250 -366 378 -233 -98 -150 -148 128 113 321 278 28 450 -167 60 641 67 3 328 198 491 -455 298 -72 488 656 54 -383 603 298 293 73 107 345 18 -108 -197 53 16 108 645 -348 54 465 135 -341 -330 -370 125 -206 -220 -23 58 -99 -111 -102 -101 -239 -257 -355 -169 -435 121 -213 -128 -49 31]
[262 -430 20 105 -295 -391 -79 229 -395 -347 152 134 -125 352 303 202 377 -144 -182 318 -162 -135 50 -237 732 69 -57 -46 155 -648 -32 -445 15 28 100 -1000 314 -407 -28 23 -459 -11 -95 -29 -317 445 357 91 -80 -85 -156 -269 70 -82 587 146 58 -88 145 -98 345 845 -440 -193 -134 370 215 411 416 -488 14 138 57 86 21 -200 24 -13 -133 15 196 221 -365 -233 -415 -98 108 -387 -102 -7 -182 243 16 -426 -414 636 -394 468 534 -366 -231 -55 -322 303 429 97 -30 192 424 -426 149 -113]
[-358 -229 786 -40 -426 -521 -121 461 -675 -457 -427 -69 189 429 445 -431 -21 -25 -125 -170 -523 -193 -622 -421 132 380 100 -32 527 -162 600 -430 476 196 244 -528 -204 -108 27 -98 -61 292 -363 193 -323 576 -154 382 42 -274 447 312 557 -112 -4 266 -208 391 -214 -204 -73 180 -141 305 327 167 706 144 24 -499 186 -652 -278 117 6 19 107 -147 -204 -140 10 -146 -209 -362 -624 -265 27 2 209 45 -109 12 -89 -22 -413 184 -347 208 501 29 -392 -162 76 102 -4 -240 -174 12 -508 -49 -118 -852]
[-412 69 415 491 152 -45 -182 706 241 -244 -841 224 134 271 -187 -291 -141 334 -830 -176 -342 -48 76 -344 -439 496 171 -100 -48 725 1 -61 -148 -211 -83 403 -359 164 645 199 -123 197 -255 -85 -11 43 -767 121 409 -369 89 132 572 441 -389 307 -370 265 -5 -183 -61 -429 162 137 23 -325 546 -157 -23 259 -349 -323 -90 -107 -525 207 -132 -276 196 -13 -247 -897 -463 -74 -379 -552 39 19 -47 298 8 161 -297 293 -308 -565 233 -161 -50 195 361 -406 -267 -142 -280 -322 66 -284 -699 157 -690 -705]
[856 154 244 -257 -87 341 -10 938 423 -444 229 165 419 -60 -23 -92 5 487 5 -270 -524 321 532 131 -418 -19 148 -205 -662 108 350 482 373 282 -34 -51 -200 170 -210 -196 453 -465 251 -295 201 301 -978 28 -158 -196 33 -167 259 525 -573 19 -34 290 276 -96 331 100 186 -94 -20 229 1 -686 -284 268 -688 131 111 -92 -111 67 -708 255 -13 -474 262 -540 369 -453 226 512 11 913 97 435 -935 -89 -649 15 303 -25 761 -339 -302 -16 684 -75 515 -207 68 -168 246 -155 -179 72 14 21]
[848 -82 -856 269 -100 -272 419 -232 570 118 86 137 -732 -76 -308 298 -190 -18 -269 365 355 676 407 -489 379 -418 160 -165 145 319 -208 -148 -412 -479 -311 -229 298 -69 -51 -229 -58 -22 -102 -107 599 596 -295 32 -62 175 10 -993 -370 252 289 384 234 89 263 29 -382 1107 -85 -280 -319 330 150 7 447 40 564 532 361 -253 -27 -192 -21 245 449 -91 562 196 307 214 525 325 565 -778 -164 26 -297 551 551 -66 -404 459 -486 406 371 -77 809 423 -380 304 115 448 -58 -314 -220 -350 -484 476]
[172 -610 -84 235 -308 -26 181 -255 125 -66 271 805 -42 -250 659 -284 -190 -1 123 488 -122 41 -274 710 -448 -448 22 16 589 151 70 -730 -89 -479 1 384 71 355 -643 -411 -134 298 -207 631 -448 -356 -679 401 318 -296 274 -816 24 859 -602 320 83 88 775 -575 -438 32 568 -280 -73 -200 453 -564 218 -182 -321 -561 540 -40 71 -547 -88 -60 -308 -194 105 704 482 -418 -266 -735 123 -431 153 10 -922 406 296 245 -71 -21 -75 296 -370 208 741 786 -483 -302 709 -70 -27 -264 -746 525 -403 97]
[-131 63 -131 2 127 -525 417 -19 -25 442 34 88 -86 -61 -55 -224 -496 185 -156 549 -270 285 -420 -208 -488 -159 219 -460 -372 284 244 118 142 -276 -666 -371 -199 -183 -233 -294 49 717 -108 402 458 345 -631 -40 451 -82 462 -185 616 474 -548 -231 454 190 14 -33 -330 544 202 508 -288 318 428 52 342 148 848 -548 -614 223 253 445 -327 -123 172 199 116 -598 686 292 507 7 -261 362 330 -491 -726 -481 728 413 -376 -484 -105 402 -414 365 -288 40 447 -93 737 -354 178 206 -783 -135 -841 30]
[-39 243 -371 163 -260 155 -207 114 -87 -243 -249 548 72 -481 -438 -107 183 -542 -176 -73 -157 159 508 494 430 190 547 -82 -221 90 563 604 168 259 77 436 271 621 74 -48 142 -747 -303 525 77 -786 202 -625 -104 22 381 -34 -275 670 348 972 -271 236 -93 150 -26 -160 -169 152 -240 0 -111 -605 -282 -220 -512 -210 435 -584 -267 -286 48 295 -90 41 311 429 446 -500 -377 813 85 204 -19 396 308 -366 46 50 260 231 730 -548 -139 172 535 297 310 220 -928 771 173 -167 -166 -172 34 197]
[-160 -281 -326 -211 -102 249 145 -8 -310 198 304 774 34 -224 187 181 299 -388 229 206 -431 -704 51 9 159 136 348 -139 -478 -486 346 -732 476 92 196 -557 -11 648 -449 -431 -644 -450 136 461 -243 -305 -297 -496 27 -662 -489 -321 -383 415 144 -191 -136 -173 494 -432 1042 448 -480 -14 14 288 420 421 -25 80 15 -390 232 450 1 96 243 -74 45 471 -2 395 377 -62 -444 434 -239 216 375 -111 70 54 302 -715 -692 561 1281 191 156 -523 -137 353 -333 -262 1019 -47 -228 628 423 362 -108 178]
[572 12 -72 -172 195 -399 -109 204 139 514 -183 412 -18 -454 35 -52 -799 98 -888 -275 303 210 1432 -590 -607 -245 -505 359 1283 -102 409 -208 -194 -881 217 517 360 10 -160 -839 40 -220 283 480 -220 221 -197 692 -271 379 -156 -722 -469 100 -520 360 878 530 301 -128 424 101 224 -166 686 236 155 -175 -214 -143 -436 763 387 146 -255 -134 -103 -409 537 -10 384 369 -521 -248 20 276 157 -768 -638 428 -617 7 -454 -10 -46 -14 -813 -156 131 568 393 300 -118 -273 -10 163 73 -523 -141 383 168 -971]
[847 -759 230 -201 -71 -267 2 -473 391 208 1051 527 -132 315 305 77 20 302 168 503 -10 -298 664 542 -153 -758 -25 -319 -310 -515 -319 -710 -76 -78 -88 -639 192 -66 -108 89 146 -196 591 -489 -38 1 175 213 -3 109 -102 -489 507 219 48 -802 897 -567 459 25 607 -46 111 -409 -74 -181 -938 -228 998 181 -572 14 -109 355 172 -236 -201 -386 235 -210 216 400 -466 -350 -392 -160 -103 -455 -68 -534 -524 -189 -286 -336 325 -61 6 323 -511 -224 -117 -17 101 -565 450 -53 4 -298 594 300 311 368]
[740 -348 -409 -947 456 169 626 551 30 184 -798 194 555 248 447 2 68 325 -1123 -525 -673 -469 477 -531 185 48 -342 510 279 -96 528 -33 -196 103 502 321 55 184 -190 444 277 -290 -294 63 -147 -136 -438 292 -106 -490 -256 -411 -447 66 -97 -169 -205 164 -1 -110 123 446 -180 177 867 243 -89 735 -484 402 -198 512 50 41 -23 47 375 -170 1043 -223 -87 146 -369 -523 161 480 587 -199 444 -65 175 400 646 302 -246 -382 -273 -336 122 134 265 135 -124 -121 754 -342 -648 362 233 -77 23 -999]
[487 -183 319 -64 167 -408 21 199 113 286 -340 183 63 -270 317 3 -370 -325 -284 -370 -421 -100 327 -282 -54 -311 25 -231 277 -271 1059 -26 264 156 429 -490 502 297 -544 -431 347 -292 286 160 -24 643 -663 103 -287 -69 -419 -431 -326 -123 73 -10 372 -30 -33 -356 991 152 -236 380 383 775 58 343 -597 -39 -12 252 -25 289 591 -288 388 -19 872 -141 80 309 -148 -216 -316 744 -264 20 136 -318 -207 452 -368 -300 -506 -551 288 588 264 -208 -435 -122 305 -239 301 -534 -741 46 272 525 289 -1242]
[164 -746 -84 -364 270 -288 402 -306 -118 167 -74 -257 -285 246 332 438 -264 121 -691 273 -484 -445 51 -349 -244 -653 -232 180 -167 -246 -225 -452 199 17 -548 -41 -180 -342 469 132 -281 -190 109 19 -321 329 96 467 -176 51 -112 134 732 290 -146 60 514 -155 78 -194 481 927 261 -330 472 380 -783 240 515 290 -168 58 -594 436 487 355 489 194 250 450 747 -590 -327 195 -722 -620 -213 -473 902 -93 -947 -642 308 -118 -266 -198 -530 361 129 -585 -75 -787 174 -77 -104 -263 -519 -28 323 -230 226 79]
[1011 26 10 612 280 487 -373 369 238 -239 579 740 435 -53 -244 91 397 163 -617 -128 -232 425 597 -389 205 -176 -117 -250 -434 108 330 4 296 -5 199 -70 -375 -826 -314 119 -7 -658 -417 -516 694 49 -232 -495 389 -390 -46 -139 533 251 -632 -134 -74 294 -14 -190 -260 -281 114 467 -444 -295 64 -116 670 -558 -650 518 301 -614 -654 931 -842 -192 254 -196 648 107 -398 -554 445 449 1191 393 -226 48 -223 -451 -25 109 675 45 -228 -375 -337 550 363 -268 106 131 716 998 351 36 233 -695 -465 208]
[-79 220 -260 93 285 -76 -80 -284 1 435 152 313 172 -467 -90 143 -182 -106 -591 181 257 42 85 472 -466 -513 -176 37 -1104 -228 -38 -17 -290 -261 -189 288 -203 -229 -16 20 -732 251 455 32 560 -438 -177 -1187 838 204 323 -369 -262 454 45 -295 -215 68 554 -325 -415 36 -71 -350 -189 -72 30 215 133 -379 26 -180 -435 -396 -548 595 -228 -41 501 548 115 -312 207 48 138 -151 -521 24 -81 -327 73 -821 279 200 31 -199 437 -288 -305 445 -119 474 149 272 1016 -177 828 197 -33 -322 -315 279]
[288 -34 -121 664 143 72 49 883 -46 512 4 323 565 -574 -623 -238 363 -256 -213 -115 -51 565 90 451 -225 -789 195 -787 -1382 -263 52 407 64 -135 293 -154 175 -17 46 338 -398 -304 492 -613 353 -203 -83 -997 446 92 27 -437 116 88 -29 -473 474 -516 904 -360 296 -70 12 133 -334 -40 -282 -82 311 -566 -725 22 -249 -12 -785 -27 -313 76 542 550 122 -105 -156 -305 -91 -219 -383 363 -268 -713 -231 -143 -179 -402 -21 -593 1301 463 -469 250 -144 -207 270 51 982 305 880 -3 168 -274 531 -323]
[-696 97 711 194 42 -43 24 276 -130 252 -205 -183 -146 122 -546 -223 -2 487 -1153 197 15 -483 180 -257 -81 -112 81 287 -267 -257 -916 586 -294 124 -369 470 264 10 110 234 523 464 -396 -218 -117 -712 227 332 135 -380 -313 215 469 362 492 100 -164 -381 -220 277 -937 302 449 497 -449 325 -161 325 746 -152 -537 -89 -40 -522 -92 643 -289 184 345 243 -132 -213 -824 248 143 -635 90 -594 -239 -144 -574 205 280 876 -110 121 -298 -45 -639 126 -255 -786 -34 43 -193 455 333 -62 84 -520 -430 -74]
[-56 376 85 1102 -385 -254 -445 604 512 -338 -214 -45 -457 201 116 111 341 -492 4 160 67 611 520 279 399 405 -59 -572 -437 -214 -608 388 -427 203 -105 24 463 -3 -4 372 254 -16 110 -149 649 538 -52 -255 121 117 -398 11 -87 -200 786 134 -447 -324 120 245 -832 102 -353 -90 -869 233 632 267 -47 -430 -249 415 589 -885 -65 24 -250 -8 -47 -580 -341 -455 -135 176 571 331 116 -399 -960 6 8 1853 -374 -91 -267 112 58 -267 328 -369 238 399 -921 860 -255 56 436 -478 485 -87 -651 213]
[-24 807 655 462 -384 30 559 -996 -25 -211 119 129 -977 -243 654 252 118 -586 1135 -240 150 416 354 979 607 -275 188 47 266 9 -214 295 -510 -578 96 189 187 -8 -371 -372 11 -345 -447 67 665 44 -730 -40 328 451 460 -1032 158 -32 -155 501 -148 -135 -134 4 73 -168 157 -224 -466 -595 244 -654 -262 -539 33 -653 195 -575 355 250 283 -4 -204 -296 703 6 756 199 408 -402 83 172 -63 299 251 13 -518 -184 894 567 53 85 328 480 643 -174 -229 333 -767 105 295 -810 -313 143 26 316]
[248 198 71 -355 154 -260 -605 623 -134 -485 48 140 750 35 -214 -95 263 351 -86 62 -346 239 -358 -273 119 113 381 -309 204 -93 197 361 -24 -33 373 -1137 14 -382 336 -216 -532 371 -68 -166 -288 507 -281 69 -604 -48 415 -57 76 -420 -24 156 -269 310 29 -429 304 410 388 216 -321 43 23 -96 444 -28 665 242 -127 365 -436 21 -490 182 76 167 288 241 -176 -280 -180 -116 15 46 132 81 -260 -124 -618 121 -363 205 -42 225 769 -170 -79 -486 132 -206 -360 54 103 -105 354 -163 -80 -638]
[-257 129 -24 -532 -110 -362 -50 334 -532 190 -133 581 535 87 270 -192 130 300 -198 807 -546 -505 -455 613 -123 -57 -22 121 455 -247 -24 250 -523 -383 121 -391 41 -176 -226 -117 -170 642 -552 524 -543 140 86 369 38 -542 186 -163 262 757 -527 390 -322 114 90 -118 335 19 419 337 -653 23 840 439 118 -9 891 -117 -219 242 189 612 -96 -383 -634 77 -449 656 90 -54 -136 -106 -426 -202 288 398 -127 177 57 314 -42 80 -148 -135 147 290 50 571 -1109 -416 -105 95 -132 48 -769 304 -973 -173]
[-46 -48 -94 -72 -579 5 106 308 -306 150 -59 430 830 96 682 -239 -389 29 -15 -24 -296 -590 330 954 543 -172 13 -129 744 -858 338 1179 -9 9 174 133 -1 80 -59 357 5 -369 -272 376 -148 -783 225 -224 -14 -25 287 55 -194 -269 -127 -132 361 -215 636 -22 -215 -141 438 399 345 109 265 334 -561 -610 32 349 -96 -172 308 -48 -337 -521 -324 -175 99 945 671 -343 256 478 -210 446 401 -81 181 581 -222 -11 111 -414 -99 -352 -189 355 -181 716 -787 56 -166 -46 -507 -343 -8 -16 284 -379]
[-327 898 225 430 -140 -9 -573 431 44 20 -19 695 -69 108 199 -569 280 -74 -386 -312 676 -47 322 629 -60 -186 35 3 -650 -576 -487 357 -70 373 -374 129 282 188 -421 -742 -238 -152 230 -151 -501 366 -376 -390 171 -90 -276 234 -94 370 59 -17 -36 -414 449 246 -158 197 91 74 -209 234 638 244 -173 -497 -67 344 530 -575 398 481 -638 -69 166 -56 272 -36 292 690 442 71 -271 151 -427 1 -306 930 -96 -146 -329 305 57 -823 30 226 293 84 -1037 -705 362 -429 225 -313 292 627 -352 211]
[270 525 -138 1141 -183 -254 777 348 48 144 -78 470 95 229 131 496 282 -642 -399 319 -167 688 121 -60 418 530 -84 -666 -374 -701 40 757 399 506 -515 -97 361 -613 360 -9 571 -1067 -426 59 -282 -311 -124 -244 67 398 -141 500 1081 12 -464 152 133 -179 -363 259 252 485 -16 661 -572 -63 -522 -202 -24 -87 -287 399 49 -221 -60 756 -36 -164 -40 248 756 -145 984 248 55 257 122 486 -528 80 292 -325 124 -174 474 -56 -187 -471 -252 189 259 -473 -294 800 -372 314 -205 -540 735 -411 -148 368]
[151 -745 462 133 4 -258 603 -517 -23 -52 -169 209 -332 208 110 159 -636 -8 -797 -299 535 -481 367 -604 -130 -447 -421 606 444 -571 26 -339 465 255 -222 104 -253 -230 -22 50 -415 322 -189 66 -365 -319 248 -499 268 426 -207 -132 299 709 459 15 401 473 -238 -305 -449 342 540 54 248 46 -461 224 452 -778 -62 -321 56 150 9 582 264 -8 313 92 341 667 -23 73 -106 260 -53 -543 -248 -152 -180 -12 310 -80 -217 393 -802 266 63 -210 129 -144 -689 89 -16 334 -272 -399 -282 -155 21 54]
[-949 667 -316 218 108 -471 -454 59 137 714 -447 135 -190 184 217 -9 -139 -419 -634 -452 -303 21 0 -618 -83 754 621 -240 113 -55 445 -221 881 37 -33 419 -537 340 118 -142 -394 -486 280 576 415 261 -436 -85 168 -136 -205 861 121 -791 -355 -57 -177 328 410 -490 652 255 -79 948 906 -357 88 227 162 -101 647 -18 -250 94 396 379 502 -88 708 663 784 -757 735 252 -343 115 43 -8 641 -434 110 -499 -122 -397 -387 -486 -96 -629 771 294 -233 -495 33 -185 150 -198 -330 65 437 623 -412 -355]
[39 -704 -191 -233 -73 -673 87 587 622 829 940 621 152 -93 -466 -288 -360 125 -74 -121 160 -247 -173 308 -866 -780 487 -412 -432 -49 -351 308 340 150 255 258 524 342 -63 212 344 -793 -397 -123 -347 -615 -368 366 53 -220 175 -173 -458 246 -402 -223 607 -1142 741 673 -188 364 904 211 -37 134 -95 173 880 105 215 555 47 176 57 254 -189 -69 -259 293 -45 196 459 -252 -185 -424 -228 -499 203 -94 -383 -166 588 -52 170 511 404 352 -112 -628 -411 -83 -1018 -214 121 829 383 -298 825 120 225 794]
[-223 173 -122 -752 -18 -270 -72 -340 -264 -359 -201 159 103 -81 -584 114 -2 -125 -331 351 256 395 109 35 -12 247 562 -304 339 -579 519 207 82 501 61 -185 -11 -98 -117 250 -477 -409 -438 313 -477 -45 937 -624 -81 -106 -161 592 228 -75 650 -197 397 -53 -68 325 337 992 10 -146 -98 -299 175 331 351 -30 415 -605 -358 -154 -96 99 133 269 151 383 307 -344 130 252 -149 94 309 -126 159 427 421 -404 69 -267 -254 462 -96 15 226 199 -1014 69 -52 -186 -420 36 421 -62 711 132 140 132]
[504 -788 -100 -13 784 157 -183 -541 -236 217 -480 -10 -4 93 175 332 103 156 -178 -435 124 17 242 -446 -343 -613 -544 -2 227 427 -114 -404 -69 -722 -62 -28 50 194 -91 -46 -108 189 -134 -293 737 -240 -237 -44 115 619 -5 -538 211 166 -26 -241 503 341 176 -568 -195 -601 220 263 305 -371 -182 176 -108 8 140 -156 -64 236 -187 20 198 -769 147 131 -67 269 -520 -68 275 168 377 -281 397 -140 221 75 59 393 -128 -415 -236 169 244 -174 478 162 417 131 -79 95 250 -619 -709 -403 64 -539]
[-365 765 31 -266 -26 -216 154 -91 -287 -738 325 -22 342 -80 280 21 -182 -186 -103 774 -459 -38 -176 82 186 -179 262 121 4 -198 -51 -14 -143 179 296 555 -458 318 -76 -45 -28 -88 -169 525 -246 359 412 388 -128 -502 -37 673 -290 -22 -495 -113 -9 -224 -481 277 -198 127 100 -105 -541 144 392 56 -95 213 44 -24 165 -156 21 -162 -409 419 -177 -18 -355 -79 431 27 -310 -21 24 -116 -104 744 -179 209 66 139 148 187 297 -332 -47 176 -332 57 -164 238 -450 -114 37 174 817 413 -473 528]
[423 -196 97 440 -226 -348 297 386 -686 470 -204 240 855 419 -8 330 -275 20 -324 20 -40 -293 336 -152 -114 -336 21 -145 185 -1015 -252 -49 314 -11 324 135 148 28 30 139 -436 196 756 339 -443 -492 671 -557 -612 623 -351 648 -1 -249 -444 -102 758 403 284 -761 743 775 122 286 -131 -171 -1372 -43 178 -50 -476 412 114 682 -242 0 368 487 8 599 1057 462 334 -8 -968 458 -145 -844 27 432 -40 -131 -194 -925 29 152 101 -125 858 -257 255 -845 -251 -20 -1051 311 -213 -339 1218 -125 484 -553]
[100 -31 -236 -1050 343 -303 611 253 658 -78 -453 -472 -283 -21 -356 186 194 360 214 -410 -539 617 -469 -112 687 -782 67 147 -410 267 345 -145 -829 632 66 -472 -577 471 450 692 401 208 -796 -733 189 741 -455 465 -277 44 259 -438 -456 321 224 576 -165 -606 139 448 -850 -303 621 -132 365 -89 -642 90 -23 -187 474 667 -678 187 110 -191 -33 596 498 -317 -175 -272 -425 -153 358 -452 688 -439 1221 -88 -110 744 278 264 -18 -586 -765 -131 529 -306 996 -529 -620 1050 401 -539 -107 -202 -291 -419 -181 0]
[291 417 -322 -622 467 -89 -30 -393 166 1474 -127 328 -30 -1008 -234 102 -260 124 329 629 -629 136 29 1239 -461 -553 52 -155 -674 -533 263 -467 -418 -313 86 312 -551 875 -907 -463 889 -234 -724 189 1037 -806 78 -226 -377 -33 -502 -73 5 344 7 -347 -333 -659 591 108 255 -928 -36 554 284 -377 210 222 -279 456 -169 363 -760 -245 75 310 43 104 118 573 160 827 -44 213 -259 612 360 77 1499 -171 25 -397 116 541 430 -240 849 -668 253 294 773 702 171 254 583 104 238 -97 352 117 -464 432]
[261 -420 -315 327 -382 170 1067 -1188 809 -179 -15 227 -236 352 22 250 248 -541 -195 411 -278 396 -171 405 640 -1223 -171 -544 -159 -176 -368 40 -386 -5 -333 230 -335 84 622 751 93 -184 -781 -653 536 -136 272 -39 202 391 232 -378 129 328 281 -347 -179 -458 -21 172 -320 142 310 -34 -127 317 -653 -120 -266 -15 -186 -176 -281 -230 61 446 167 -389 627 -554 -457 388 -340 37 838 13 151 -104 411 -147 73 228 510 77 128 -595 -158 443 -912 -474 365 280 -751 449 -105 -418 -112 -237 17 -238 -476 889]
[48 25 144 924 281 -256 -429 14 -717 -219 -219 80 597 235 162 -550 -185 384 76 692 590 567 -247 281 -679 -267 -251 -602 222 573 -217 786 -696 -63 -416 150 432 -820 41 242 232 -419 -180 -825 16 -8 -40 586 350 270 -237 298 -9 233 -328 -527 499 -472 356 -281 -287 -90 689 88 -418 97 434 -136 -466 518 -103 757 -59 -554 -531 -535 -461 36 -701 177 377 134 -80 417 -110 -506 429 10 -239 583 490 403 -1063 619 -136 -321 -446 -58 160 -368 255 -896 -365 219 -504 -606 751 -1183 -24 127 56 -505]
[-111 527 -162 864 380 -402 230 354 -192 -8 -299 -193 183 -539 -511 241 -675 -357 -174 -130 -54 450 871 -178 965 -358 420 -653 -886 260 495 344 -236 -318 -370 -97 -575 310 856 2 -415 -530 662 164 1137 249 606 -695 -373 818 98 -55 -157 -658 -250 218 344 380 -459 -411 545 -85 -319 337 221 235 -1026 -444 -30 -10 -327 89 -599 -362 -528 -25 -84 -195 108 470 476 -34 -86 -45 103 -91 470 -97 265 -163 512 -499 -415 -1095 -161 -24 723 224 529 698 -208 -443 893 665 -568 94 144 -295 277 -604 925 170]
[287 -696 -317 249 183 -385 -314 -263 -148 -174 246 361 -247 -378 738 109 -524 90 -130 -221 707 -336 178 -164 -97 -320 -153 -638 545 -109 158 -809 161 -313 -99 106 -78 403 19 -615 -185 -326 32 390 -28 237 -246 181 214 164 209 -1018 319 154 432 222 427 197 619 -190 -221 -627 144 427 385 220 602 -134 329 -484 -307 -402 53 -47 384 -282 -150 -1100 -626 -242 -385 858 422 -315 -471 -473 -43 -895 286 -278 479 101 367 -392 -489 -75 146 571 -350 37 466 535 -1161 630 -107 234 -624 -656 -815 -296 143 207]
[-606 415 -72 -100 -762 -61 245 -292 -648 526 -255 -125 186 134 191 -276 -500 40 923 -89 751 300 522 105 -258 99 182 144 1457 -308 -122 161 -362 -27 451 230 200 -491 -711 185 -22 927 101 427 -406 -63 375 -248 -438 3 -60 409 -386 -546 400 201 802 -160 416 272 155 456 443 300 95 -236 244 196 -170 -483 87 215 342 -45 485 -598 428 -156 -298 -326 789 246 -197 276 284 572 20 -533 -741 400 445 582 178 -181 -6 -280 -636 316 469 -214 -308 -1241 -566 -58 -688 -143 231 -112 92 182 116 -1047]
[219 -705 -360 185 -418 -531 56 -161 332 217 -209 406 -564 184 551 -254 270 -331 -446 -138 -69 328 -95 296 232 -263 -37 -524 266 -255 200 547 756 -210 -48 118 204 -247 600 -55 -13 -801 278 454 -111 -508 282 821 642 -55 -95 99 -107 734 281 112 -91 353 531 90 226 -77 366 -102 -289 182 -763 137 -319 -70 -237 -16 240 -434 203 -10 1011 578 110 -356 -26 -134 -104 -142 -862 -555 -364 -612 -543 126 214 -245 -621 -90 799 -366 -237 -348 -67 44 -173 -586 -356 -127 -746 233 -546 -681 -92 177 -181 500]
[-180 378 201 -603 639 -154 340 404 -661 -209 118 327 -606 -488 546 -618 -221 330 30 623 -62 363 259 452 440 -107 -47 335 -668 39 -519 300 967 -305 -673 -134 -553 -274 -3 -395 1128 687 -36 325 140 -583 296 491 -39 -35 417 -209 606 732 -22 -382 285 -49 327 332 131 -56 159 358 -5 216 -86 -296 530 -44 -367 -48 131 -940 600 -427 8 -342 -170 -69 98 507 -50 -97 -95 -368 506 352 -152 -760 -359 -81 437 688 735 -286 234 -348 -132 666 320 -447 1237 20 698 340 128 -265 -668 -182 174 502]
[-339 641 565 -1279 15 65 232 -369 363 635 792 415 470 -495 -300 119 -250 749 43 -664 372 -778 -12 -299 -1066 -232 303 835 502 371 377 -38 -377 129 401 235 -642 914 -618 354 399 892 726 -232 -21 -344 -1932 -444 126 -316 437 -502 -922 92 -130 293 318 -273 637 -71 764 -660 -166 -127 771 -466 -232 -179 -37 226 -138 -20 -403 384 970 -395 207 -422 675 -395 -39 220 87 -404 307 786 -44 112 624 -160 328 -726 -135 -101 52 -450 -74 -847 25 -237 1 -240 -352 -766 580 -1143 323 737 70 426 -11 -783]
[137 68 -828 -11 151 1071 -482 -98 -1143 257 -682 224 521 -561 -23 303 595 -133 -186 372 -352 129 -581 784 -653 -246 -371 -27 -166 84 204 -283 -347 -58 -237 928 251 -374 -1386 854 59 161 -322 -14 139 -649 1399 -438 -12 -21 -47 498 146 870 -102 -225 -198 -82 -58 -66 -373 -21 -708 -393 243 331 169 98 -440 -284 -136 -225 4 -22 -317 -344 133 736 -72 273 -119 251 -623 134 -12 503 278 -102 179 3 -372 -639 942 805 267 3 2 -203 -292 351 -20 921 365 256 911 349 1188 837 -141 -159 544 -174]
[972 -177 926 421 336 168 123 5 313 -1145 -224 558 55 -2 424 341 -155 -38 -583 457 -204 432 639 -50 361 390 -105 -222 685 533 1224 -254 -478 -329 576 -784 -52 -463 -58 5 -73 -272 -85 -59 481 275 -272 -641 313 -453 -154 -562 145 445 -188 622 384 631 -262 -434 256 -184 -266 -77 -454 -368 191 -137 -512 -468 -805 -542 305 -252 -209 -314 231 -147 605 -557 179 141 -504 -302 -300 719 676 5 -579 792 -15 407 -54 107 -47 -677 -106 -93 311 986 -257 -83 251 246 123 22 -592 -363 -438 99 -76 -760]
[-283 -686 159 -390 282 -55 -189 549 -527 -205 70 82 386 -46 -446 -241 -363 354 -628 301 -89 -335 -158 -164 -96 -66 29 -667 1153 -207 683 424 18 -24 -437 135 -50 -150 173 256 314 120 121 912 -544 -145 437 776 -248 -284 -27 401 88 -297 -212 -214 845 258 463 101 675 397 704 628 495 623 226 -301 -233 475 -58 -257 -297 397 319 -616 105 -120 -310 631 102 -2 190 -2 -253 -479 430 219 265 205 -364 237 -216 -65 -514 -763 -262 351 -334 820 -1124 -151 -9 -278 50 -631 -321 -276 -404 554 341 -770]
[-675 -201 552 153 -348 -472 531 -404 393 -517 242 232 -573 65 -688 -504 -1118 -43 -254 -35 637 156 741 -285 -557 378 65 203 30 967 143 -51 -125 -77 -366 305 52 110 833 131 -151 14 -27 -351 -240 -241 205 -165 613 504 -108 341 -226 387 -352 450 712 -302 -594 451 -1031 -336 497 -117 46 -582 435 -206 191 63 -818 173 194 170 -648 -207 -498 -218 -377 84 -163 -785 3 -268 540 -203 164 217 -310 -297 140 315 -5 -224 -196 -280 -355 -431 -582 -68 -8 -498 827 313 -299 -220 115 -274 -578 -95 -671 -39]
[-79 -389 363 331 9 342 46 167 -425 -255 -20 53 549 369 406 1058 186 102 -243 -196 -199 -347 498 -264 -470 137 264 -327 104 -355 -133 969 406 717 -281 -166 680 -201 -421 1247 665 -38 -217 126 182 -855 -517 -26 28 -125 -970 -407 -463 314 -17 -643 -161 -301 -278 -528 -139 637 -302 574 -376 644 -306 1022 232 -287 359 61 361 -977 900 900 477 -12 67 99 -357 149 -288 221 278 320 175 11 307 -618 72 449 581 -225 -327 519 -160 327 30 -1051 -599 -54 -201 255 -220 264 -425 77 571 -131 -120 -232]
[505 -101 278 -655 -493 -95 -130 1222 -839 -155 -224 -399 194 43 -421 -113 -6 -33 -97 -470 -298 786 545 -686 242 -130 318 375 19 -191 149 33 1305 194 681 124 -403 -44 -115 -261 234 -531 -102 -167 -55 48 525 350 -191 -611 15 99 -243 18 -944 260 156 246 41 421 -298 -125 -228 -129 -47 -13 327 -39 12 -878 -665 481 0 -805 -354 55 -940 821 -258 -368 239 -779 -810 -672 -363 -137 678 30 732 435 -371 -422 -50 -419 1081 366 -661 -67 91 525 -23 -57 579 449 374 994 200 644 -145 -717 -156 -286]
[182 531 -354 -1029 565 591 741 -367 266 -310 -294 41 328 317 68 -82 121 615 -33 624 402 999 148 261 -891 -70 -147 -74 307 393 347 79 -885 304 150 16 373 -355 43 267 37 727 -104 -415 -148 610 -91 271 28 34 -800 -50 -316 308 -456 -276 494 -128 -258 -101 -238 26 966 625 -504 -292 -466 173 79 231 168 142 116 -117 -334 163 135 188 243 -351 -327 141 -427 124 960 -319 270 -788 -696 334 162 -9 548 178 215 -611 -476 111 -1005 525 393 -626 -168 -606 568 -203 328 -250 -330 351 284 -346]
[84 545 220 327 377 322 -988 -648 425 121 191 358 -517 -588 -50 316 56 -25 23 -356 249 226 222 -617 -244 -4 -310 -57 323 462 -700 -1026 217 -120 -68 1259 -634 37 -1302 -14 4 729 -958 224 276 330 264 -241 -69 841 -542 310 334 290 -198 -93 181 531 48 -45 -179 -94 227 309 -32 -239 711 -249 173 -738 -155 297 809 -56 145 255 -73 -424 305 -830 -200 120 -125 629 633 -161 1011 -164 104 -237 -438 530 299 -162 393 -104 -645 51 817 -495 801 -162 -590 652 384 170 458 -95 410 322 -619 190]
[-10 -869 46 111 -155 470 925 61 -359 749 -76 -22 -150 -287 -563 152 -803 -408 383 -149 -244 -236 -159 285 279 -927 21 374 -171 -282 550 638 66 80 297 47 -222 -224 -120 -7 51 -381 -99 280 527 -307 -278 -396 650 -419 7 -424 -395 701 -426 310 -489 116 -93 126 -594 -43 384 497 -1054 160 74 769 -106 -828 -151 -98 -751 33 -181 1692 -416 525 51 -121 565 -279 210 399 954 251 -90 86 433 70 85 175 122 -167 601 489 395 83 259 -295 -310 -46 -703 -220 555 539 -169 654 -307 -140 -705 49]
[-233 1 -459 -845 -88 -453 369 495 60 392 427 627 1 -566 -813 -241 -924 176 -499 -49 88 3 -25 -527 -316 525 611 -125 -180 208 377 -425 368 5 66 -159 -513 218 727 -448 272 -128 -132 528 -145 -661 -409 457 -744 53 351 -358 -512 127 212 -88 398 -463 8 745 685 -43 327 -108 1134 257 -122 -374 237 223 62 49 -563 358 -694 -227 -36 -373 170 466 77 202 -448 138 -422 -483 151 -252 -120 -170 250 -969 757 333 -615 741 521 182 688 -316 38 -2 -151 239 275 528 207 -71 131 -221 685 -555]
[-575 533 -352 335 -477 -688 -47 -762 -259 -117 -337 -419 -156 11 460 413 525 -415 -214 335 556 174 -1184 308 139 -118 -389 -727 -46 -516 155 181 -22 101 -489 612 544 -241 -38 -83 -976 263 296 254 -90 580 641 -235 457 710 96 256 845 2 -221 280 -103 130 184 -241 831 151 -103 -122 -842 302 85 -71 -688 -694 397 -457 -602 348 709 390 151 -331 -179 2 -701 -708 624 256 73 -627 -1006 -593 33 628 -125 -655 -137 -339 121 -221 -493 371 -1 409 -428 463 -219 104 -452 -644 449 165 -65 -370 -393 826]
[-41 153 216 -225 -636 145 715 91 761 325 77 -882 434 466 -109 -451 501 405 290 -153 -784 -770 -5 647 820 -282 369 31 -152 225 -335 -12 -1084 136 763 738 100 248 624 678 -94 820 -294 -37 841 -250 52 42 77 -532 232 -100 -122 -720 -109 -258 -570 -497 55 -15 -965 12 1378 50 378 -559 -136 216 230 88 -127 -273 388 365 -676 47 -383 34 351 -288 -123 -392 320 -24 1189 -693 152 -366 373 -200 63 464 12 -137 574 -58 -258 143 -605 -270 374 -660 -675 404 356 -75 486 433 -620 -292 644 -55]
[-23 -299 -651 -251 759 28 184 378 -644 189 -165 664 391 3 -242 -133 -364 -128 -115 -631 9 190 -578 504 126 -4 153 -356 -532 858 -543 -90 210 -728 -221 -383 -410 678 -96 -185 -293 326 31 61 134 -231 -432 -24 45 -114 224 219 -710 -413 21 -652 574 -188 861 -82 -631 291 -299 -103 1062 -175 -2 424 46 538 496 -284 -165 155 176 -491 -114 -384 -647 203 469 -245 1060 -78 482 -483 617 497 918 -267 -395 333 1079 8 -727 -261 402 -324 285 -271 225 497 -196 -579 586 -318 508 241 -533 -204 556 -35]
[432 -138 -72 -316 692 395 -465 39 -167 -638 -597 -590 151 817 176 50 651 90 -60 79 52 718 -235 690 653 212 -734 326 -290 -26 -54 -220 -157 263 42 134 254 -591 -391 170 -52 -682 -533 -611 -113 828 387 190 -402 471 -230 403 134 -121 -728 -426 -357 -58 -217 425 679 134 -488 -49 241 -188 -587 190 -137 -243 175 526 -628 -639 621 364 298 -109 -351 -664 -625 -576 -765 -148 -110 -679 501 255 1221 688 -411 -430 549 -29 901 -325 -1578 710 -144 729 216 616 318 -223 486 180 -87 267 464 -610 297 640]
[-433 455 -664 605 -507 -399 492 -327 832 93 -501 260 -415 -223 512 904 -355 -815 169 426 -736 -76 723 744 516 417 397 -552 423 363 46 144 -667 -405 -813 -535 678 -179 657 -129 -697 377 -713 421 -362 -647 -100 -289 -257 -315 127 -528 225 -526 218 1036 -75 -274 102 218 66 -82 737 -860 -392 -456 -19 -84 -39 79 621 -41 137 827 -314 -105 149 80 571 711 767 -749 516 -164 -301 -379 -490 -93 -201 10 -137 -104 -95 113 -518 -1131 57 588 24 -978 383 -843 -521 758 -34 -154 -250 421 320 124 -420 -676]
[-75 -559 242 243 199 -102 -89 319 -164 -254 -278 -476 -228 406 -133 45 50 -411 -618 189 -821 -632 -653 460 376 -232 -372 -533 -84 -182 953 -299 -683 51 -632 -721 114 -552 368 -1 -24 286 -462 -156 206 713 462 874 -342 -536 -40 419 -378 650 280 479 -136 65 -13 345 -409 -369 499 22 78 975 -448 274 -558 -33 382 161 -326 1276 176 650 407 902 -189 366 -438 -150 -208 80 -361 61 -704 12 704 176 -620 18 -3 417 -234 -555 -839 269 -121 -369 -325 -389 -956 850 616 334 -15 584 -133 -65 113 -123]
[56 -339 -552 -470 208 -168 -1002 -928 -285 906 316 214 -187 -236 109 471 -560 26 290 393 -687 -521 122 -55 -173 338 23 -314 293 -164 769 -809 -499 586 -263 -1007 3 196 -130 -196 -231 272 -18 750 574 -118 -375 2 -238 -119 -280 560 -259 -276 1010 -216 -318 118 307 162 100 -401 -169 87 108 600 -310 694 135 283 819 933 -1071 378 -446 -41 62 208 630 -24 906 21 -452 -91 -897 346 -136 -739 396 318 282 -1261 -171 137 -184 -274 -519 -208 381 -863 -180 -434 172 588 744 -1068 -322 787 700 105 -403 -462]
[-261 653 109 421 -21 0 -124 253 -273 -8 193 868 214 -591 -555 -646 328 -309 381 75 -127 47 84 449 35 188 121 -112 13 181 406 -869 250 28 650 54 420 239 49 -612 37 -835 242 50 -67 -280 -62 -53 238 -502 501 -153 -232 207 -677 -37 480 -448 396 278 593 -481 -246 -479 -177 -561 390 240 446 25 -747 -232 774 -341 -550 -343 313 -420 327 -119 337 272 36 -315 -858 -144 776 -292 -860 -29 389 190 -108 -577 262 -189 526 -765 -402 303 -15 413 95 -1050 529 608 -12 -42 -110 716 -278 -315]
[-446 -215 441 497 -700 -164 261 334 -936 -285 852 10 -142 -542 194 -439 255 -523 -51 551 -663 -275 -491 149 649 -596 324 -235 -113 -692 515 231 69 3 -120 -596 -123 -117 298 -459 -390 434 335 570 133 -156 172 454 -613 -735 566 74 -91 250 -177 326 -75 138 623 -581 -374 -53 829 355 -294 678 -165 -516 -80 -157 34 -31 -17 289 -119 -93 -446 645 -367 590 350 461 537 -283 -604 -252 -159 -151 475 78 -119 260 -643 -558 -150 -56 18 -172 -468 -761 -168 -150 -111 232 -274 553 49 741 -122 -153 89 -395]
[-600 -653 -560 744 601 -111 -566 -566 99 341 626 18 48 -775 -507 90 -551 235 248 1041 404 -547 -347 348 92 -472 179 486 -237 62 -199 374 -554 -533 460 -229 -536 -573 -231 10 -281 518 136 409 160 -524 -5 -1011 731 -372 54 -609 -847 766 455 28 -280 18 529 -230 392 274 302 -43 -665 -39 777 430 348 109 307 165 106 -336 -130 -764 -127 -18 -704 161 -516 708 354 646 -478 -72 167 187 -208 -32 492 385 -461 530 -115 -2 572 665 246 -953 32 276 -514 388 -46 490 -17 -7 -381 -265 -23 269]
[105 -194 6 298 -553 -286 -189 833 -496 55 -246 5 567 769 433 -599 -367 212 -380 505 27 163 -520 -198 -1145 -719 454 -268 -576 1131 -175 283 343 354 -440 717 -49 394 196 -62 654 -261 476 -702 -135 1010 -913 112 296 -299 -89 1048 396 112 -1006 -169 331 -386 -301 -114 -367 424 210 -450 -258 284 551 2 262 -74 117 666 -243 -574 -116 476 -329 -14 134 -234 541 -889 -473 420 -447 -297 -87 -500 123 376 -608 61 81 -81 -433 229 -185 -316 497 -803 -147 -345 145 -729 -228 -541 359 -306 117 80 482 -106]
[-430 -267 339 702 -190 -313 -345 624 55 -689 529 -239 750 406 -891 -1136 -194 558 -228 -129 281 -323 -869 -1023 466 -5 210 -666 223 434 346 446 426 193 -350 -913 -106 -343 730 -668 -40 152 95 -24 84 705 -408 901 -146 -234 889 533 -202 -60 -801 269 -210 243 11 68 -310 63 -85 509 43 985 -88 -47 -345 749 412 300 -92 304 183 381 -609 74 -727 -309 -410 -53 396 367 424 -117 743 132 572 475 -418 402 325 -219 -551 933 -1021 154 -274 215 -386 -347 7 -795 160 -452 -914 420 -644 -430 -928 490]
[-1278 803 249 84 -976 24 41 148 602 -403 -265 -145 383 -127 -233 -1195 382 340 92 -364 -155 -309 117 -618 854 415 332 -176 347 182 329 371 769 180 407 642 -86 1271 660 -212 567 -506 213 366 -53 -727 -298 -120 189 -140 146 -49 -284 99 -171 -241 -617 1 52 414 143 -438 -239 -481 336 90 -317 423 -408 -353 -106 -504 927 -350 -538 -552 462 -713 640 -176 -1663 -241 -751 -260 177 -60 753 -99 -690 -105 28 398 372 41 -16 242 -241 218 -531 214 -94 24 659 684 502 164 348 -91 -860 -572 -28 464]
[84 50 304 544 160 -388 -185 389 762 -386 762 474 -609 356 -345 169 233 461 -482 160 681 104 -409 883 278 105 -69 -259 -470 -127 -575 439 27 -235 -546 -613 -74 -897 -313 420 -164 553 -17 -1033 -324 480 243 41 408 26 33 199 657 328 513 -962 260 -358 366 512 751 -232 552 -27 -369 -239 455 296 654 -212 520 88 514 219 588 -489 96 -453 -400 -176 -1134 96 667 638 345 -342 -369 587 -781 -103 -146 873 -626 104 606 -79 -415 319 5 329 -330 37 -809 -370 253 32 786 -613 -173 370 71 842]
[-197 115 -74 -134 563 41 103 465 426 -221 -405 582 468 1 134 -132 138 289 -540 -497 -610 89 684 353 34 -125 323 -14 -282 -207 357 -63 -16 0 771 -112 -128 16 307 480 -734 -625 -544 31 -199 -545 -493 -616 -158 -707 252 -395 -823 121 -184 105 -383 239 115 -367 -323 432 230 393 72 211 -444 -192 84 80 -1161 -211 348 -1147 156 98 178 261 433 202 13 222 -732 -976 -508 -443 296 286 91 -212 -83 209 298 -101 -77 -701 473 389 -497 870 -546 -561 376 -712 -319 150 -540 -367 781 -169 -379 -187]
[168 -116 -377 210 -236 17 -296 755 -685 183 -953 268 -33 -155 226 -809 -577 -193 -116 -86 -189 -109 -211 520 95 183 -325 182 999 -58 544 -236 531 -193 227 219 -229 -330 -1029 -592 -196 -431 -356 175 -128 524 506 1127 137 -565 -64 120 122 -144 289 -403 -71 -108 -370 270 -241 -902 7 -162 188 580 970 563 -59 -982 -452 266 -308 125 -258 149 -780 918 98 -171 112 -34 -795 -138 -64 333 -48 -116 30 -598 -1027 -7 -534 359 357 -104 -635 369 -63 -190 -189 -515 -209 -385 755 -78 375 704 394 -5 457 -560]
[-123 -841 171 -889 -647 227 249 340 -422 91 208 358 338 262 -130 -432 107 342 -268 31 482 58 -830 86 -1116 93 -410 -334 201 -142 738 -40 765 472 14 -631 1027 524 -281 -681 744 -693 370 -295 -819 -368 130 45 -77 -453 -301 615 -411 -465 226 -137 -128 -588 625 322 182 371 95 111 185 630 339 240 -294 -207 -169 -124 -279 338 -300 51 334 196 -514 958 211 -332 -220 -425 -351 28 -362 -6 -288 552 -270 -621 193 414 -567 30 116 3 -174 -360 -1082 244 685 223 639 -427 465 -271 295 4 595 -199]
[-132 223 -843 -94 -128 198 -60 -728 -826 30 -718 408 -134 474 173 189 186 -327 105 -12 177 400 681 -373 360 178 487 535 658 -297 160 -600 212 -184 -357 -241 93 -13 -811 -426 -581 -677 -829 -291 -525 -330 42 -208 -314 -762 -589 17 -73 -177 -687 127 420 -1132 -112 107 394 -113 -369 -1134 278 -1219 234 287 -113 103 212 1269 235 -40 -216 154 -773 174 64 657 914 -231 -607 -890 -25 742 664 -96 316 826 403 -106 -217 2 -14 148 -1181 -653 462 181 61 220 55 194 246 428 192 433 1016 -505 -804 -508]
[282 561 121 267 234 127 -77 -669 -708 -407 -326 309 708 -214 566 -22 235 -1071 -434 380 18 141 230 -131 -601 386 -606 -290 129 162 1213 -13 769 132 -276 693 971 -471 -253 -462 40 -634 319 -247 418 -174 -3 -364 383 83 110 -47 322 175 -658 -294 -188 447 -142 -1000 730 83 175 293 289 299 111 327 -737 -337 315 -339 634 -453 -229 1309 530 -117 418 475 992 -72 770 -256 602 584 485 591 -6 -240 -254 -566 -419 -113 138 -124 -407 -368 -576 475 461 283 472 -22 898 -247 697 178 -102 411 113 -469]
[738 -617 -317 -1107 1092 75 360 169 -198 -380 -679 90 -197 -215 273 718 -656 -316 -307 111 -117 -381 91 -148 -618 -312 -342 6 -343 -177 242 -333 963 83 -439 607 -887 108 396 -554 -387 -676 410 -205 303 40 456 -68 -391 454 -285 457 854 466 -252 -64 787 189 -300 -292 767 -556 759 -334 58 49 -135 148 128 -26 -502 -192 -616 842 -303 601 -166 -307 -261 58 7 -300 -4 -312 -363 529 -565 423 551 45 -304 -606 -704 -345 178 -537 1049 -129 -139 -60 81 370 883 -250 36 18 136 -155 563 -148 851 495]
[255 -238 320 -514 808 -136 8 -46 255 539 30 -329 -149 -173 -505 451 470 -255 142 -411 -540 370 -320 -750 104 -336 -785 -53 169 -366 -409 -156 455 -282 442 -449 -729 -44 729 -263 -12 110 427 -351 51 523 -898 665 310 661 -365 566 -279 -342 456 -890 75 84 -255 147 -334 -1030 -296 -127 -336 140 -1085 45 -124 77 -40 450 -879 488 -424 419 261 289 425 -418 -205 27 -999 494 -624 1 284 -280 -169 -33 -64 -733 -215 -157 810 95 -1005 -380 614 -401 104 -1298 -158 -342 714 -302 359 -272 848 -318 457 130]
[390 -65 146 522 254 -309 230 1098 -318 50 -262 -618 -348 -27 -447 313 -291 594 -277 -410 807 -407 246 -248 164 1260 -411 -21 -75 352 -254 317 -596 41 -582 -545 409 -671 531 -190 651 50 508 -795 -412 519 493 716 -529 291 -252 464 -132 -491 1052 257 543 4 -600 463 68 -418 -609 -710 178 698 -194 -76 -361 759 -49 530 -393 731 -557 -604 134 365 -622 282 -129 -389 53 916 -67 78 -809 -229 52 159 938 323 -358 -35 100 322 -21 -293 -104 -394 -251 -602 292 -165 -987 -831 -839 256 -153 -224 1323 -108]
[-179 19 -263 9 634 13 -901 511 100 -1218 37 -407 -283 -342 -420 576 531 -191 -888 -111 -639 145 717 36 137 721 486 -461 -798 232 410 -5 -177 58 -311 -184 -35 466 1055 715 -114 -436 -27 306 533 -532 90 -191 -428 279 206 0 233 450 530 527 526 -526 109 331 592 -662 9 -306 -96 -377 -710 -675 11 78 -540 179 -39 -170 -24 -274 446 162 280 384 -74 -1024 -184 -46 -1013 -94 300 -205 1119 -40 -49 -393 -175 410 132 -65 -21 -655 560 -174 122 -634 99 1696 -626 342 312 -546 563 -114 99 193]
[-298 462 -79 423 246 599 1070 -135 -382 472 368 841 175 -53 -310 471 -174 -215 -136 -63 33 511 -638 382 -625 -849 -112 164 -174 -519 -887 286 157 -433 -595 226 -33 234 145 86 591 -512 -456 19 -256 -1122 -215 -356 539 576 86 57 46 -498 -1470 -245 755 -508 -120 -60 -1060 570 212 1051 -190 -132 -283 -398 265 -22 -323 -84 -487 101 -210 335 -665 -718 334 1044 195 584 98 308 592 -641 413 417 74 -781 -198 -36 1470 413 74 -544 -83 -349 -706 587 72 475 214 393 953 221 149 -242 473 -152 -40 457]
[503 -655 779 -585 -136 -383 -240 214 415 687 162 308 341 419 185 -810 -480 20 245 -712 -94 -428 -218 714 -1228 217 -385 -118 690 -177 520 -594 -326 -180 809 211 370 -293 -211 491 -47 -62 -361 37 -74 -382 -382 245 -26 -137 511 -661 -361 -775 -315 -436 703 -97 803 629 28 -733 292 -557 512 -1147 -377 625 -191 38 136 -162 -291 794 -644 603 954 -618 504 223 -133 -192 -553 -489 -480 -489 606 -578 137 -198 100 -238 410 -117 195 -179 -578 -439 589 -43 -374 45 -341 -182 591 149 457 -300 822 376 436 -1011]
[-345 340 -243 81 -73 -120 587 -168 -100 -275 -430 -754 74 -282 -97 -18 182 -166 -16 69 489 372 -499 -90 111 -55 -3 -598 -224 834 91 379 -1101 28 371 971 377 -254 411 500 34 -517 114 -723 36 816 -563 -160 695 584 781 -488 -592 -57 52 -20 -350 -78 444 340 -36 1020 -712 -388 209 312 966 -468 -660 -69 204 172 -332 -163 -95 15 502 -409 497 -264 -716 -728 384 485 32 -669 -448 99 219 -371 621 362 695 -49 -860 -404 389 948 171 -252 -74 635 -692 207 288 -315 106 -99 -768 -78 -502 -601]
[-1378 125 372 -509 975 -354 63 -489 196 911 -377 -349 393 128 -585 275 -436 -896 189 271 -777 -21 -83 234 365 -338 -676 389 -106 -224 -348 479 -230 -81 137 190 -141 -57 929 673 59 109 -52 389 129 97 87 5 141 1180 614 194 -102 -522 138 -760 670 141 -44 235 -511 -705 438 10 247 -386 -1325 248 -161 8 753 -578 -830 166 -500 60 86 -688 878 -32 -275 261 346 866 351 -630 -353 -256 121 -412 36 111 280 382 403 -513 -944 -80 -182 109 -361 201 540 5 432 -554 344 -824 -897 397 639 -397]
[-55 -90 466 215 847 31 -855 195 -212 12 -1 -101 219 -472 213 800 -396 -382 119 218 -297 205 905 -273 -295 -529 118 351 -401 -461 -159 -837 -274 92 277 179 -128 -876 -534 -38 -958 214 -202 93 248 887 -225 -1008 -399 307 -283 -49 -200 392 -47 568 60 -318 189 -785 -397 124 184 150 114 174 295 -7 686 -504 -177 641 55 -104 2 507 -1200 -273 -171 -389 748 108 -29 50 -86 578 -193 -518 885 187 107 -133 -35 -420 -460 159 243 -66 345 -606 -221 -473 -264 -17 354 -172 161 410 941 19 456 -599]
[503 -492 -39 603 -58 -242 427 272 -243 -302 -840 476 47 121 677 -356 316 -469 569 133 -214 809 28 -382 -392 -179 -430 -864 -143 -45 517 -1313 381 468 170 605 -454 -190 174 691 -185 242 226 153 106 525 -213 -732 -102 129 -213 50 498 357 -139 -752 367 927 474 -317 164 224 -649 -708 155 -737 -181 201 -65 106 -828 -693 177 276 -294 78 422 406 228 892 784 -1425 -442 142 -923 -190 823 -497 729 -826 265 666 647 -975 -550 -377 316 -58 -56 -812 971 -514 71 426 44 -553 99 169 46 182 -212 -599]
[-238 26 57 617 -275 513 -101 48 460 -719 -590 -328 1029 215 -718 -475 265 -138 -484 225 278 -138 787 -97 80 -258 492 -133 -382 690 -726 409 -74 -351 271 663 241 560 657 290 -759 -191 -415 -473 -566 -599 78 -1091 -362 252 666 -188 116 250 -797 211 199 -724 438 -400 1023 651 382 19 -160 -247 -443 -425 -88 -211 -545 134 633 -311 109 -287 228 -880 349 -403 -437 70 -576 261 36 -283 -108 385 -91 250 -208 153 590 -304 -141 -230 54 1022 322 -361 385 -390 -248 -198 -633 203 143 -187 269 -80 97 236]
[-518 371 982 140 -787 -518 -214 362 -24 -238 233 688 861 587 79 -508 173 336 -176 101 -591 67 -40 408 702 293 113 -58 -137 -958 -185 823 -768 362 688 -384 -707 -1106 96 471 -50 14 -677 -33 40 -163 82 -276 223 704 207 798 -444 146 -760 -203 -109 826 -248 299 -271 757 22 667 168 -60 43 515 -449 -381 403 71 -328 -437 -252 532 -853 -303 -511 -391 69 -724 303 487 94 66 -119 793 -50 357 425 -215 -149 -246 -110 -119 -362 -934 -32 207 -525 231 -459 -635 -663 -552 -205 -111 256 -62 -316 -769]
[-441 152 -528 167 394 -602 543 -350 38 530 212 203 319 -853 -871 58 -131 -560 -844 88 -622 377 561 898 170 -475 413 26 -546 -884 -97 259 -31 -270 822 591 -107 86 314 288 -256 259 -315 565 -74 -169 1573 -365 65 -84 -16 555 109 -784 188 -250 316 -307 -598 -120 -45 -34 -146 1120 -167 -305 -595 354 1078 120 -1070 -225 -279 219 -87 -6 543 79 532 375 -109 593 -478 -28 -236 155 118 -697 1045 -602 -101 -156 700 214 416 -635 265 -296 -607 194 -18 -498 273 -45 -659 482 -49 578 968 105 -615 -63]
[848 -164 -192 415 10 -223 431 391 472 177 276 -701 126 -64 -557 -113 -18 564 204 -334 244 500 -652 -469 -421 -579 -483 -567 -436 522 -61 -1303 174 -339 281 501 460 30 439 -418 -66 -145 -177 -626 128 799 500 233 1 666 786 -256 574 -299 -402 -500 321 201 -702 -156 -199 266 412 305 -208 129 277 -442 880 269 -397 -89 -227 542 -328 403 -75 154 240 -297 507 -361 332 569 17 -616 175 -711 545 -379 -482 -253 790 236 -56 -271 522 410 -104 -233 430 -411 -78 -731 -759 352 -787 -260 423 -281 -331 498]
[197 169 -232 69 29 730 608 839 -579 393 -243 330 348 64 -164 -533 489 273 -36 -708 5 203 569 89 -202 327 -268 483 -1038 316 -402 301 -309 266 -180 238 171 -432 -336 -215 24 1118 649 -67 -294 -339 -341 -589 -725 -449 451 -452 583 431 -857 602 362 -335 -78 -201 -262 -261 240 -473 145 -585 -250 -121 459 -70 -493 443 525 152 -64 584 -102 -52 522 462 629 -311 -418 240 753 -64 238 -33 543 -502 -514 51 1124 393 -27 256 -423 -348 26 655 547 -343 782 -296 551 472 311 678 -124 -668 -3 -120]
[-919 860 937 -57 -13 -602 -379 -504 -436 -254 -129 -185 -31 158 -484 -307 -714 294 3 -546 181 -1024 -318 442 92 208 308 44 -351 -11 135 -535 -685 766 270 -488 -312 213 -402 481 -395 146 -367 -499 -588 -128 446 -1104 384 22 130 152 -388 859 255 -86 -46 -679 59 746 -242 463 -382 -54 352 152 257 233 0 -748 517 -52 -505 -387 444 -138 17 142 -104 548 303 50 -307 -35 -1062 -168 133 731 375 -44 -36 -345 954 -246 -538 382 -438 653 541 750 -101 -347 -402 1071 339 -264 107 44 -308 -54 -740 392]
[-500 -185 138 89 -460 189 46 23 -852 -271 -59 -11 242 356 106 -371 567 359 -524 306 999 -647 -1518 -370 164 -190 -561 -249 447 -305 -68 -219 131 -289 -292 395 242 569 47 -625 13 6 454 -374 -528 -648 97 249 290 -213 261 487 -103 -35 124 -420 165 -730 732 33 214 157 17 -360 106 455 634 288 -621 -41 578 -399 498 160 -169 -613 364 167 -235 689 -354 334 12 288 -890 -491 101 -493 -200 457 389 182 467 233 -569 449 106 187 79 367 -652 404 -346 -144 196 -588 253 -128 261 -413 671 460]
[506 -491 97 -426 169 74 -414 336 584 -400 -98 42 -94 24 173 -189 -134 163 -144 -229 68 -85 -664 578 -486 38 -778 346 34 -76 1050 -558 138 777 161 -202 -195 -510 -45 473 -120 -397 -27 -655 -162 -288 447 -277 -220 -172 294 476 202 -24 412 52 -609 -368 30 653 267 -453 -37 -218 726 483 56 -195 -637 -350 -749 1007 -974 112 35 380 -10 316 -121 -473 286 -304 -952 -511 -429 335 500 450 488 349 -766 -328 -452 468 -136 -754 -467 -796 -11 -197 -11 -380 -163 312 779 -971 -38 306 708 -292 127 256]
[462 287 -750 440 -947 -357 289 540 71 -519 594 375 791 93 -668 -540 215 -384 -413 384 281 482 -799 140 870 295 546 -195 151 -419 576 592 435 87 624 -908 377 -100 231 -299 -57 -416 115 138 -195 78 496 -163 233 -384 -17 -56 -542 12 747 239 -272 10 219 59 291 995 -81 101 -448 320 688 460 276 -443 552 389 824 -404 -782 -473 18 172 160 123 345 825 1021 -212 410 170 56 653 -1111 -411 -449 18 -609 -95 -18 1260 179 -214 133 337 -170 831 373 -506 828 109 167 -34 -437 637 -237 618]
[-143 196 -509 733 224 109 50 328 159 -263 -113 90 441 -136 -18 165 279 406 -1115 515 -61 307 -27 253 278 416 209 -230 -1110 547 494 -418 -42 205 -389 -95 -13 46 373 -432 -369 -1109 -37 137 -140 -103 -402 -445 965 -326 -292 718 44 574 -127 -144 -642 -36 81 -174 -25 750 -917 -352 -118 164 568 -116 -290 218 -406 -452 -1002 156 -420 -144 -364 -324 -12 328 -99 -710 -243 346 -416 -185 -548 706 -641 973 73 -1173 397 737 -626 -134 1233 -24 -282 -48 57 -244 683 251 1082 -553 -125 212 87 -275 -211 331]
[431 -394 -361 904 -128 -455 561 -373 359 -483 -208 -449 320 273 584 -553 34 -72 -691 990 -108 462 605 96 986 21 -656 83 -6 419 -616 522 -363 -159 -204 145 512 -369 -15 404 -596 593 -189 449 -235 603 203 -221 436 236 -236 -911 -124 439 148 248 -14 134 153 -487 -485 1316 -704 -647 -461 153 -239 -238 -35 -514 -757 -303 337 -420 547 -163 -338 51 320 -351 -650 365 -1 -197 1090 106 -233 116 169 -365 -1146 107 1020 101 -692 -48 -1072 1376 -261 -28 518 -172 -96 3 385 -337 -401 413 -455 -518 -453 348]
[-591 665 -154 429 -344 221 -428 210 -509 -128 -706 -582 370 -692 -92 -338 340 -439 371 -452 157 424 77 -316 577 -213 -229 -42 410 297 -104 1279 -299 505 -355 1119 -118 268 78 180 521 100 -54 414 259 677 70 643 -397 574 42 392 196 -139 332 381 -356 451 -231 505 -340 -342 230 31 134 29 569 -275 -327 -718 667 33 55 -475 -17 -311 -276 -750 102 -344 -45 247 -362 261 416 388 -53 362 -549 114 150 832 -561 401 170 128 -394 -149 356 148 560 423 330 -237 -864 -172 658 -358 -813 675 -467 -79]
[-301 -742 -434 211 485 -328 -64 -251 669 804 881 1093 -422 65 -354 -107 -443 -42 385 -215 973 229 -288 60 459 -37 297 61 -450 564 550 -237 -348 61 -452 -715 349 450 506 -332 -229 -418 532 252 -211 -730 -1091 -90 300 316 334 -702 -1362 -110 185 475 -157 -48 847 -175 -24 -224 279 -208 -307 63 -790 -62 355 -96 269 530 -141 -16 -451 263 -219 -432 -471 -138 85 -153 708 -180 462 -762 134 -41 -296 498 445 -208 -559 -253 42 162 133 130 338 -306 209 527 -846 65 469 -153 387 -262 160 38 610 268]
[210 -478 -518 -1093 -24 646 -511 -324 305 289 528 213 331 306 -131 -521 -102 216 -459 -578 -183 -712 249 374 112 -798 12 458 -95 -48 594 -1029 -162 -62 -36 737 -355 701 305 92 -67 -352 995 354 -388 717 244 272 -14 -152 479 49 -40 257 -704 -39 -42 371 322 77 546 364 -23 23 439 588 -389 208 448 235 -103 108 -2 -171 121 284 -21 -413 831 -655 291 -75 -388 -454 217 -19 696 -633 243 -33 -332 -471 331 -26 230 -300 124 -720 16 101 447 136 -449 -806 535 -197 -129 317 207 698 271 89]
[-874 -322 270 1182 -330 149 252 151 506 467 10 138 -174 -667 -534 46 -410 -514 154 635 -475 -34 -13 475 840 461 45 290 42 -309 -32 -102 -8 -433 -54 -13 74 -93 123 152 517 -31 -170 166 -851 -267 -264 -199 200 111 338 -376 990 384 573 346 -61 -436 317 -687 477 -171 -535 -77 -20 -167 43 -759 121 390 -736 -656 156 -171 151 -725 326 -768 218 -301 -45 918 496 314 -277 -142 -422 -164 369 -743 -119 714 149 81 39 176 598 576 -587 620 -611 -281 260 -214 1144 -72 40 -164 -1175 551 138 27]
[-423 648 -408 672 -137 204 -105 -703 -154 315 -262 206 -81 -181 60 539 -293 -879 -161 -173 100 -93 -475 -75 396 -365 -307 -60 928 -296 335 516 -7 -525 -357 374 453 -475 -146 -583 -151 -709 -103 348 -53 -38 -229 398 -237 114 289 -25 -198 326 -434 581 -76 156 -106 404 -152 270 -63 -666 -33 735 -37 -228 -847 -338 331 788 313 -630 615 473 386 306 -292 47 534 666 -116 -274 44 -91 62 -96 -1033 350 -291 277 -194 560 217 40 -974 417 196 837 -648 599 27 543 -527 669 -274 -788 -48 -665 -640 45]
[528 -207 253 182 298 212 -601 158 -207 420 683 -1547 140 -364 -589 -374 209 774 -101 -637 927 70 -784 -606 -212 -857 -659 157 -183 -218 125 -146 204 610 673 684 -150 60 -791 -577 480 60 769 20 63 84 73 167 -724 37 -246 652 3 -451 -189 -659 408 128 461 -122 -576 -220 267 237 350 -104 -823 -261 20 97 -5 828 -210 88 376 -213 -228 639 -16 622 535 -52 -45 427 -620 -83 298 -238 522 141 -297 -15 146 206 120 -200 -557 -394 -76 418 269 -559 646 329 -428 569 -677 -531 -46 -918 222 307]
[-685 166 445 147 -630 -233 -881 -537 -983 -143 575 13 341 -3 -468 176 -739 401 111 -9 923 -52 -752 273 -853 559 550 -82 573 75 236 417 206 595 537 78 -258 -549 69 373 838 1500 296 -282 -91 -666 106 -333 512 -98 576 583 -186 -280 331 -11 191 -319 410 -329 -462 -1028 -13 -5 -559 -652 497 -347 264 -220 192 267 -79 -342 -72 66 351 367 -506 304 461 242 469 356 -1546 329 -82 -685 433 159 1211 -409 -451 273 545 -135 -422 -553 481 -839 121 -718 149 176 -1207 167 -263 -20 -247 -397 -782 -665]
[-31 -51 692 -746 -134 209 -2 -725 247 -942 466 -244 -209 -216 -909 110 -501 -221 875 -376 341 71 -110 160 -692 -551 -3 263 198 255 -1008 146 375 271 5 210 -410 142 533 235 626 465 -541 -439 -411 -198 1053 -119 519 895 116 711 -57 -1159 -29 -264 658 11 -990 500 -1348 -119 830 167 -703 -579 24 -395 1271 -491 -139 52 -346 -255 -234 658 -262 82 -195 -241 266 18 -233 -370 437 -596 843 391 -834 -323 40 242 460 -68 400 -366 287 -8 -484 -240 150 7 57 352 -938 492 -300 -394 630 -13 -530 663]
[-641 -503 59 251 3 -515 -180 87 -110 389 -171 -123 -704 -312 -577 -495 931 282 75 222 49 -172 -599 71 858 324 304 -360 -707 -275 -741 -39 -444 389 -270 -419 515 334 -208 -180 121 -157 -528 -7 -287 -793 200 133 354 -323 3 -342 697 426 1275 215 -485 -832 293 -61 -859 207 -429 77 -621 -76 -274 -130 408 55 -382 -587 -122 -286 482 19 68 -130 -190 254 -174 -459 1 642 311 -826 154 -208 1072 -402 -181 781 416 146 -445 501 -40 -57 576 -56 -478 -243 -381 -177 -128 -51 223 -246 105 -778 -554 979]
[186 -886 -348 -545 -74 529 1051 -311 -845 -54 -126 173 -554 -80 10 952 101 -102 -98 473 113 384 502 -181 -880 161 -1 -323 -586 266 -249 -232 745 263 -185 273 -113 -83 354 57 -80 -60 -114 393 -136 -604 339 -641 232 -118 -303 289 321 -211 15 -74 -1 21 19 -322 203 415 279 251 -774 -209 -149 382 768 -455 218 -802 -390 -376 -820 951 1046 528 -373 903 905 -1126 -185 -40 -381 -723 -434 -420 -236 285 498 -647 314 -647 -23 -712 1431 324 159 -223 -291 81 291 470 -720 464 -239 -107 503 -524 -194 149]
[-321 234 -180 -39 468 168 -179 541 855 -131 -413 571 -232 -816 -350 421 -644 122 -723 -291 442 -40 251 657 93 297 -218 186 -55 388 487 -58 -186 -342 -259 399 -307 188 112 -40 140 -185 -298 -569 -104 -694 419 -78 -97 -64 -258 97 -598 57 649 943 -1259 332 258 -214 820 -890 81 481 608 1222 254 -576 -359 -92 -196 420 -396 -667 -19 79 110 -320 -279 258 -126 605 -82 -410 -216 585 234 -55 61 636 -384 -345 -189 766 -100 -375 821 -413 58 302 351 -162 -32 -260 -86 -382 312 52 -147 129 -64 918]
]
