[[-5 21 -294 363 -221 -166 10 -51 573 -92 -129 -322 -340 187 -333 -91 301 -347 249 -228 151 158 45 160 883 -58 119 -4 -35 151 -282 227 -191 -355 34 -487 347 202 751 -71 -405 -19 98 -192 255 331 163 -55 -254 465 522 -389 -65 -329 496 294 -115 -74 -124 259 123 -77 -176 -329 74 -47 -243 -139 -110 -27 498 -119 177 333 -76 -449 109 -233 120 -183 -388 211 77 203 452 151 -403 -12 -93 -167 90 337 -80 -143 -11 351 -204 409 224 -22 147 308 -161 48 -370 144 67 -174 -489 -69 373 364]
[-45 207 42 -314 432 -187 -378 318 -473 -8 -116 -266 66 -1 223 -267 395 182 -225 -96 18 -72 -209 1 -50 -11 -307 -188 -597 -370 -95 -509 -207 89 -224 -136 -350 -247 -248 19 -157 275 -46 -156 140 480 697 71 225 -55 192 319 600 -276 435 -313 130 106 -138 204 -378 -70 -259 348 195 143 201 185 484 -265 -118 -381 -517 -170 -67 352 -68 -31 -24 146 103 -442 -381 -24 -259 -343 198 -14 -69 -388 -231 -381 373 209 -263 -229 38 -313 -178 410 -262 -250 198 -104 516 -145 444 240 217 -300 -17 61]
[-320 90 56 -546 289 -505 -249 70 -516 -126 -422 9 -299 340 34 -192 -225 89 587 -157 -201 -135 -203 179 -184 -169 -299 -99 -180 -60 -388 83 54 -76 234 131 -205 136 180 -241 536 112 -170 -89 -426 257 -171 552 297 61 -102 -230 31 35 739 -230 -207 269 224 -62 7 -459 -159 214 -200 -318 239 -20 188 -12 -337 -139 -202 -38 -489 -95 83 271 226 -28 -81 -187 -234 6 723 -19 387 -138 -211 213 -66 247 68 -275 -44 -373 307 -319 -99 180 -270 185 41 207 393 -253 490 -112 7 -205 -147 -219]
[-247 52 -8 -223 49 -632 -78 -219 323 -279 -363 -324 197 72 195 -334 432 92 -423 -96 10 9 323 -743 -42 47 -151 -356 -487 -59 -220 -496 -463 -136 -313 -323 141 71 151 295 -349 -450 -37 -88 427 -79 127 -35 -117 -91 251 -134 644 -38 469 -187 -224 148 91 212 332 -70 -13 -450 -243 212 -1 127 234 -253 286 -159 -186 8 484 24 -701 156 224 57 71 -323 147 350 -265 -282 113 -222 149 -106 162 -728 627 548 -351 46 -316 -378 -240 199 108 -229 205 -264 -148 -340 60 -114 -41 -145 -146 164]
[606 -120 -113 659 -234 774 -315 -87 400 -365 365 -2 -110 -247 151 72 343 -182 -147 82 -222 26 -531 234 200 248 146 444 92 0 93 -212 398 403 -382 319 -68 346 -580 -423 19 -41 369 -47 146 -72 437 -435 -408 -202 275 112 -241 -440 -454 302 392 -172 -150 -72 -224 93 -178 -82 355 151 -193 -229 -428 -276 49 709 -181 -90 -387 16 184 -34 -420 -19 281 444 258 -710 406 -163 -13 559 193 -207 -40 -163 -520 -84 151 189 -82 259 249 423 248 157 89 231 -503 377 -245 68 -335 85 240 55]
[-359 -118 516 -367 -168 -242 574 -106 -224 -166 187 178 192 -105 238 59 -733 330 -148 437 77 -98 291 -529 -314 270 -109 -229 -266 89 196 -237 -131 -346 -519 -512 -51 -394 -217 441 -300 400 25 -315 -58 -901 365 -176 -447 -362 -152 451 468 486 -132 -194 -438 -189 -236 345 29 -233 -22 120 -155 -1 88 298 10 75 140 -259 -119 -50 258 218 -34 -9 -201 77 284 -438 -11 174 -846 -222 13 -118 65 56 114 -392 -359 337 -251 62 -367 403 256 113 -296 -94 -386 -255 -267 -143 -73 202 78 59 -346 86]
[-92 -134 -193 179 47 377 612 311 23 253 -112 -113 49 -240 -89 -238 -274 399 -200 241 407 -33 479 -766 235 367 -263 -418 235 176 -195 122 -437 -94 -450 -117 434 42 -390 275 -648 113 -82 -552 34 -438 -365 -372 -191 231 -319 338 -97 303 -27 16 60 153 -118 276 466 120 -54 -28 -479 131 -253 -284 7 288 -240 15 226 1 343 -144 4 402 -174 146 -224 -501 64 317 -588 -56 80 -34 -36 -111 4 -437 -101 131 6 44 -173 -392 160 232 -232 -488 -437 73 -216 -7 -42 401 435 96 -361 169]
[358 -283 180 619 61 738 8 393 127 -205 416 298 308 122 366 8 -366 -12 -43 225 246 321 241 -189 273 206 203 -215 276 354 102 427 32 639 -82 -34 90 -325 -358 62 173 202 -161 -14 465 -478 -87 -153 41 -103 -330 504 -161 377 -792 206 40 -432 -349 -62 -151 474 28 143 -323 -498 126 -250 -522 -31 -268 401 674 -648 394 72 226 -65 -547 360 282 173 -73 -175 -611 487 -450 310 -13 -48 -754 221 -446 -308 199 380 -402 142 243 -81 -91 55 -348 -41 -362 -134 -192 -71 511 -256 113 -99]
[123 67 -75 353 557 620 -393 233 142 -78 -317 -328 -263 297 279 -228 344 129 395 245 67 140 3 49 220 -415 -79 -128 233 345 -420 -72 -168 639 -55 127 -554 307 -201 -129 -227 -24 -252 -225 51 504 133 -429 382 428 -25 -248 -792 -447 -311 -232 552 242 -300 484 -442 448 102 289 -167 -572 -91 -565 -241 -227 -542 -120 -292 -233 821 -85 229 66 -20 488 98 18 -510 -119 120 281 86 295 -131 -391 -159 -203 128 -735 30 100 -129 -229 -163 22 -23 -493 -49 184 174 -186 126 -219 617 -474 99 86]
[559 199 -276 23 648 105 -405 755 -32 -202 -70 -32 279 -271 -512 -317 159 -138 -388 -374 223 54 -67 -67 588 310 -160 -246 -80 -212 -323 -373 -255 411 178 55 454 -679 -773 3 490 624 441 -95 379 553 364 153 -209 90 4 517 392 3 -197 -22 259 -77 209 -236 -246 171 -441 489 470 428 139 -106 -13 108 181 494 99 -178 -231 84 101 -113 -343 440 45 -462 -172 -265 -230 -260 -563 533 -19 -1091 -571 275 58 -74 383 227 -89 83 667 334 21 -82 -146 483 54 12 -65 272 -112 -211 293 -3]
[-452 38 -208 -160 -145 -79 -58 -743 55 12 -329 112 152 -50 701 533 225 209 242 48 -152 -180 -50 95 -359 -531 37 42 174 -303 215 -166 21 -73 285 -299 -119 337 499 -433 58 -258 53 72 -112 -353 -577 -117 -85 -374 219 -808 -243 291 485 -277 -538 336 166 -99 303 -15 158 -431 -40 35 187 167 -372 -386 -415 315 -399 42 443 -390 -129 -421 537 40 -100 335 514 72 481 228 193 -285 170 774 535 -41 384 283 -106 -43 -128 -304 143 -439 159 153 560 -161 -443 74 8 33 -972 30 87 -175]
[-31 -254 423 101 -188 81 4 -587 95 -263 -59 100 546 -74 410 202 -447 128 56 334 219 -101 -284 163 -616 -106 133 -29 -249 -104 496 -546 728 -282 -360 -82 -400 -345 -956 81 -2 1 626 -66 -20 -790 -254 -391 -594 -318 262 284 26 227 -345 1 -511 409 -389 -187 -64 122 -164 -29 354 213 -52 261 -429 -350 -432 391 -261 -32 210 -148 -404 -139 -532 75 58 -91 490 -510 -187 -449 -346 249 -58 234 310 -232 -397 538 -401 -442 139 -38 -49 379 78 -184 565 27 -698 469 -577 288 -392 -279 -315 -362]
[367 200 307 110 37 -286 -777 237 685 -520 224 -564 336 210 -666 -549 -43 -279 180 -337 238 17 -136 388 310 -82 288 332 -76 -302 71 130 587 286 100 72 316 -244 -571 230 122 -383 401 687 -28 713 -78 100 -170 780 581 72 224 -396 343 -16 270 196 -97 -26 170 40 -211 131 161 35 -120 0 -171 -129 173 -26 13 -8 -372 -140 176 284 -518 -104 167 -163 -352 -676 573 -334 -475 425 -387 -405 -426 192 86 390 -352 224 156 365 513 255 312 270 42 -16 60 65 -256 -394 -173 -529 607 50]
[-265 0 90 -76 210 -446 -571 -704 477 -1458 -5 -100 202 -189 199 -612 -552 54 458 418 -41 109 8 -238 136 -424 231 -150 39 365 241 -1 512 376 -179 -431 -76 133 59 56 453 -360 91 692 -146 -260 -297 248 -828 222 290 -360 -191 438 -422 -380 -626 15 -400 108 29 476 18 -44 -240 -30 148 -156 -285 -167 16 404 14 -333 281 -282 -239 506 -122 424 743 -172 52 -718 93 57 -105 -34 285 14 196 -76 -118 76 -236 294 -401 874 384 -305 229 244 221 302 -343 -253 -611 -24 -100 -583 119 -461]
[-325 -75 -11 -228 -384 -369 99 -922 205 -242 69 -140 213 -26 190 41 -133 -15 176 192 -46 -160 -503 432 -861 -124 -105 507 240 296 349 -426 560 -47 247 -134 -259 580 575 300 24 -166 823 -107 -618 -120 -494 -94 -527 -130 189 -224 -898 -197 -491 -2 -489 66 167 -237 -288 47 105 232 401 177 -200 30 -68 -6 427 -173 -3 -58 -28 -126 -312 334 65 447 397 436 456 -263 136 -132 121 -123 103 524 329 -97 -116 -53 -158 -206 -38 185 43 -116 128 -128 -78 593 -421 -111 -460 166 -166 4 -281 -309]
[-273 169 -111 -922 84 -850 -146 160 -119 192 -816 -260 -75 3 30 -185 -107 -18 398 -45 24 332 191 -623 627 125 -443 -479 -434 -241 -809 5 -592 -132 459 -446 89 -336 424 -301 800 264 -520 -357 637 20 172 472 -137 -542 178 378 693 639 322 49 -984 -12 99 -161 581 -412 260 -433 -291 -245 309 148 572 -4 151 396 255 38 -354 29 -116 -155 270 209 -590 -625 351 827 366 30 -214 -81 219 -695 -389 211 -3 -44 88 -243 -118 131 -99 22 -116 -123 130 -75 131 -56 229 157 -521 -310 -108 36]
[221 622 -19 -238 563 -200 -208 956 -218 760 -241 128 -70 -213 204 320 700 -334 80 -128 130 269 264 844 791 -6 -390 70 -233 -768 -423 434 -170 -47 862 -520 325 94 841 -702 268 220 -221 -2 233 940 653 86 939 -181 -91 136 316 72 534 -32 76 -677 -42 -48 -132 -150 -605 -174 9 114 -253 207 198 4 202 12 215 59 -514 -45 579 -1115 253 -184 -454 216 -414 137 377 514 -495 -449 54 -183 -464 434 531 -294 152 -68 156 -41 49 -393 -397 78 414 -412 403 -86 336 -6 -465 -39 163 316]
[108 -261 -292 -222 43 572 543 7 -309 52 -562 243 216 90 348 302 -373 480 -163 -111 -611 149 32 -734 162 841 -11 -285 266 362 192 -1002 -104 150 55 414 364 -352 -719 -398 829 247 72 -313 446 -1062 -52 -117 -365 -680 -173 217 -372 645 65 143 70 409 360 -129 101 -229 311 477 -311 169 358 -143 122 -138 -315 835 50 -105 -58 4 -379 -305 -263 779 147 -383 418 170 -114 -307 -18 316 247 -238 289 -450 -752 -12 562 -137 37 -345 659 414 -324 -310 -1 181 -470 96 311 327 -307 222 -160 -288]
[609 -5 244 -259 0 -352 -460 -458 605 -284 -618 -480 101 356 -456 254 -246 18 -30 309 113 -11 -205 -365 -766 -572 470 213 -151 -441 -152 -467 -50 -742 -20 143 -65 -270 -1081 411 -51 -90 -187 -104 273 -340 -106 -545 -359 -37 -218 -21 87 149 -92 -303 -248 206 124 -40 635 -168 674 -511 45 -268 -108 523 -408 275 -45 451 -1012 482 38 143 -135 300 30 -291 -465 -535 417 264 142 -566 -44 523 -17 -96 522 -529 -116 221 -46 -261 109 239 7 369 912 -523 -191 -60 -86 640 -293 -672 -671 210 -127 -22]
[903 36 12 306 358 -238 -872 107 -236 28 188 447 74 372 405 -75 571 -234 74 -313 -464 -152 -401 732 -1346 -359 -92 185 -539 -427 -278 -710 -180 183 214 479 -487 344 -8 109 93 -179 269 -227 -64 325 662 -315 766 -95 -327 -341 -311 -225 -38 -379 169 -225 115 -384 -1062 10 -242 578 648 -91 272 513 -176 -24 -175 -56 -117 -340 -51 519 307 279 580 -140 386 547 75 -84 -76 169 675 33 -38 163 -307 -746 577 -407 334 -422 9 -390 -718 218 471 387 176 262 336 -361 590 -306 195 -138 -136 200]
[-223 -88 395 -99 -115 -62 -424 133 307 171 -559 -195 -255 451 -137 -36 -165 -338 -128 551 19 215 -164 147 338 -85 -84 -43 -662 84 -103 501 268 -818 -470 285 268 412 -252 -365 -97 -98 -408 67 -95 61 -143 469 381 -292 -274 324 714 189 704 102 -111 -129 -260 48 855 -379 -412 -1024 -421 344 -339 240 -135 162 421 41 -291 568 -901 264 -430 -81 159 -547 -482 -173 -210 88 223 -844 -284 -83 -195 151 -117 166 -85 79 -345 -416 51 -98 -391 544 -174 84 -364 37 144 128 370 -651 186 32 -569 94]
[-33 -83 388 618 -5 -576 27 38 385 431 -236 82 -51 536 327 -361 594 -297 44 -523 -216 398 300 -340 23 121 -747 55 -301 -148 -719 -26 -388 16 277 -315 -76 -343 438 96 -846 -448 251 -586 136 360 445 -278 167 371 855 -89 338 -501 388 249 -285 415 232 215 -456 314 -404 -578 -65 -712 -122 -351 -48 -574 200 -343 545 -164 841 -146 -133 -22 -58 -88 -351 679 119 70 173 100 -226 21 -183 -497 -636 -98 259 -271 -404 -212 -180 -560 -681 -103 -43 -310 199 73 -482 22 -106 -101 -173 -635 -244 546]
[347 -75 -83 61 239 -78 -535 -319 -140 189 -141 -295 -492 770 -145 128 43 -283 1052 -243 66 -69 -432 1045 -180 -617 174 -320 -170 33 153 -328 160 44 624 -408 -252 -419 1042 242 589 309 275 -475 73 460 -241 -60 384 368 346 -207 -327 -367 410 158 -320 134 -189 -309 -333 12 682 611 509 -78 -124 492 -368 9 -206 -186 -184 207 -113 -121 244 -183 569 329 -539 318 106 468 -183 183 -467 119 -129 34 120 343 -81 -594 541 -266 569 -7 -158 -436 7 180 -23 446 32 -7 680 -478 -94 -125 -149 269]
[-742 -345 69 -637 -721 -300 77 -340 -259 12 -455 45 -114 537 490 480 96 -105 -153 -65 -271 -326 -234 -172 216 46 -276 125 125 179 -171 37 -243 -201 -132 128 81 148 715 -322 -15 596 65 -346 -299 -485 171 637 -386 -413 423 -206 74 -116 541 150 -290 -4 169 -237 239 -814 -297 -546 -347 348 304 -203 287 -458 -211 198 -112 583 -61 -384 -398 -517 369 14 -390 448 148 -36 715 -719 382 22 115 -191 -214 317 423 398 -133 -41 -829 -53 155 406 -469 558 -127 82 -313 125 260 515 -677 -146 139 27]
[757 -412 272 252 276 -190 84 276 -313 -563 -422 -10 67 586 -278 108 -478 599 6 138 112 -271 500 -78 -352 178 316 -235 450 156 -214 -6 570 -198 338 220 -208 -420 -988 -8 14 -158 -354 -17 -49 -334 -613 -182 431 954 -402 303 5 196 46 58 531 61 7 -291 267 379 148 504 -342 -301 26 -115 -341 542 -679 155 42 208 -54 -53 293 783 -635 84 -491 -202 -341 -240 130 -332 -228 498 93 64 377 -261 -311 -33 153 -92 481 -180 494 400 47 257 42 -173 -154 477 218 -230 93 187 -161 -374]
[89 245 104 477 862 269 -186 -170 216 -87 -282 87 -366 -410 227 518 495 -712 70 -364 128 409 -301 370 167 -374 51 -295 -560 -176 97 -530 -80 -157 -545 -684 178 -508 -450 -546 -176 227 132 -355 270 221 853 -662 -653 -527 716 -27 422 27 347 315 150 -74 -312 251 -500 -103 -776 -176 593 -196 -618 -1 -697 -333 250 294 -594 167 825 -330 -305 -1317 16 -4 167 213 -336 -10 73 316 -594 -111 -543 -162 397 139 -324 -372 -131 151 249 -55 -179 -230 368 -285 739 -259 -739 437 -138 -658 -393 -213 -360 231]
[-13 3 159 -72 -508 -343 -29 -33 387 -407 -327 -54 -103 99 -438 144 -586 -77 449 -142 -96 -521 -438 461 290 325 746 290 -297 226 425 -135 261 -363 -317 -184 330 -38 -214 -254 507 -58 274 817 -55 184 360 -231 -1003 -19 754 -22 -529 198 74 520 75 -272 -365 -238 61 -478 -280 219 619 -15 12 -389 59 319 214 368 675 576 -558 -525 73 354 -431 -183 236 -595 -155 -449 1046 -166 138 159 -313 -187 192 -23 -593 125 -218 197 106 595 479 204 128 753 192 -504 -265 538 -135 462 -120 -218 839 -48]
[425 626 -402 161 490 -244 14 540 -193 -560 195 -509 -777 125 -736 -336 -276 -32 690 69 67 -342 316 203 225 -91 182 -83 -298 361 160 14 67 -344 -247 -626 276 -380 436 -161 -584 126 150 -518 -77 496 772 -388 53 812 417 -160 -223 -315 187 -324 279 -874 -317 569 -224 176 171 395 215 -51 -362 -189 220 623 405 -442 -143 258 -239 -298 618 594 165 57 23 -619 -256 -326 115 338 -98 331 231 -404 244 -647 -195 -570 398 115 -136 353 -159 94 -369 298 -437 120 103 521 247 280 45 221 193 395]
[125 287 231 415 378 -83 87 166 887 -138 -358 214 -339 193 -452 -832 174 -121 227 70 -175 459 295 -185 820 85 -182 -391 -467 424 -177 -767 -189 422 -114 -114 844 5 285 30 708 -789 296 324 413 637 89 -533 378 335 235 -49 -213 -357 -187 286 274 -280 135 363 26 111 117 -13 -78 317 -523 -545 -14 205 -360 39 473 340 570 -510 -186 -42 175 151 256 -217 -357 209 -302 79 -503 -89 153 -464 298 -159 320 -385 -86 -84 523 147 160 -461 216 -604 43 114 177 -975 -114 -379 490 -460 471 350]
[-128 594 -40 -859 150 -364 -282 571 101 468 -253 -947 231 -120 -691 266 -541 -334 92 70 464 -538 -2 350 -684 -643 48 388 333 -301 276 311 23 241 -44 15 216 -207 -527 762 169 279 -237 697 -123 909 -183 23 -41 -347 -33 429 -435 141 -237 -280 -3 -343 -31 -338 -408 -307 193 102 252 83 -71 -225 527 -167 143 -678 55 286 -129 531 -211 211 72 451 156 -722 -453 -139 109 27 555 16 -131 -575 -1034 -119 352 380 -153 277 -357 -108 -474 -44 -320 -272 -302 -65 1176 -94 -354 412 550 -282 95 -347]
[435 -168 48 444 -49 88 -294 -315 -327 -48 -88 433 -59 180 390 882 -137 106 256 -336 629 381 157 122 -740 -787 844 -456 13 154 -188 231 289 -428 -82 249 -1110 304 -447 520 -181 -8 -509 -58 532 -650 -492 -287 365 88 -515 -458 -489 154 287 -166 -225 529 115 -282 -758 -57 -158 581 -117 -623 775 618 -501 -218 -634 -639 88 -147 715 84 220 -243 159 -562 81 318 573 514 242 798 187 346 -249 750 639 337 -340 -4 -252 355 58 -277 -218 298 598 804 626 -784 -174 -44 227 -320 -352 182 -74 -415]
[-689 38 539 -244 -278 121 -691 21 378 -198 105 -531 75 376 233 -729 -141 21 288 258 155 240 -826 -302 477 242 -395 518 -880 -330 -195 403 280 59 -199 -276 -20 367 513 513 -127 -117 182 -213 -330 108 102 327 -777 1 133 716 93 -635 689 35 -219 30 -588 401 494 -66 -396 -312 -270 -229 -261 114 203 3 432 -449 -104 -73 -380 190 -15 188 -292 -197 282 -579 203 -252 137 -689 149 340 -550 -77 -1 83 -238 635 -792 -426 97 -100 -126 713 -838 -653 -540 531 -189 -340 -125 220 244 -290 -344 189]
[0 215 -55 344 106 214 320 628 413 341 158 183 789 1 -334 -383 101 129 -119 -32 -460 132 33 -50 729 686 -746 449 247 -278 -384 -413 134 450 -161 -33 665 252 -773 -663 -261 -392 132 -521 154 -249 159 -402 206 291 -72 584 107 237 -158 -22 188 -496 -294 345 83 671 -845 577 503 0 141 -179 -146 23 127 -563 366 -230 -308 304 555 -329 -916 748 386 -89 -535 -496 132 -298 -258 515 55 -350 -755 -643 -303 355 141 332 -554 676 1110 414 -49 209 -628 588 -331 -4 71 214 -697 -494 403 507]
[216 -82 -162 35 259 687 197 -445 -4 -439 -148 -4 -249 -682 309 401 -201 167 -557 207 2 -101 285 -667 788 -387 -70 -660 113 190 -573 153 -612 225 -745 -335 282 324 -192 646 18 795 -573 -725 556 -765 181 -20 -291 -204 -886 -495 -42 186 -333 -437 -21 165 -208 -145 -40 -252 91 -206 -558 95 -209 105 -437 -91 189 51 -625 -255 668 146 -505 -421 146 86 233 -733 355 80 -1030 206 104 -176 216 -184 262 -273 -115 329 603 561 -476 149 394 113 51 -772 -634 675 -599 -274 -333 -194 -249 544 -656 -103]
[32 157 90 291 -779 19 148 -437 236 -374 -78 -400 -732 -720 -356 429 -596 77 10 854 86 226 213 -210 345 -165 357 565 54 987 524 745 694 -964 -527 79 48 109 -584 -163 -740 -221 -456 543 -148 90 -407 18 -289 248 925 400 -282 272 -131 -150 -182 -51 -594 112 448 203 395 -152 -280 244 -301 -25 489 836 516 -244 41 556 -269 -98 489 384 -323 -353 -217 -314 144 283 -53 -246 -600 87 208 -290 596 19 -756 22 -425 -35 -284 432 251 -51 127 -59 -302 -8 -75 390 -262 307 76 448 87 -1]
[71 -494 18 781 -391 227 637 -322 450 776 -167 -70 212 128 -287 35 499 -263 -221 -647 -12 -108 344 -330 0 64 -351 81 393 48 -61 -326 -133 -214 157 -129 568 -45 -151 390 -672 -328 -81 -371 160 -470 -704 -68 -65 616 573 119 -134 -161 -51 473 99 233 -473 -767 483 632 207 -194 -59 375 -482 6 -25 208 -566 -140 452 827 767 -121 -138 -591 -288 -161 -610 713 229 462 -162 -162 -234 -442 -252 -226 463 443 507 750 380 -249 73 -763 -491 -189 396 -698 -258 676 -288 397 148 -120 -158 -214 -411 255]
[-204 -186 32 -14 -152 151 415 135 133 1067 -505 449 -93 345 401 767 -245 -163 126 240 134 342 -389 467 365 328 -13 326 222 -597 -180 664 117 -770 859 -481 225 334 1053 -279 -331 594 -519 -496 -385 -519 -457 -561 -273 153 -366 90 -603 709 92 372 -487 -248 198 -433 -1 19 -264 -256 39 -447 -96 359 56 211 680 -55 256 55 -773 -35 437 -719 -92 -154 -748 275 393 437 102 -267 -256 -35 -289 522 -142 541 -673 -250 -73 -307 301 523 418 167 -1079 -12 -350 286 -602 830 -89 492 -604 -31 -29 -60]
[750 -659 647 267 -593 624 161 -306 280 116 395 -430 44 347 722 -559 -276 435 -196 -330 56 543 134 -456 -262 59 257 -243 -137 255 -190 -57 302 678 -624 583 -135 -189 -424 672 -260 -747 -550 201 676 -229 -339 -522 -52 273 -130 -86 4 183 -321 352 256 774 38 -38 330 -55 939 -350 -408 -418 -86 -242 438 -202 -1103 227 252 -279 341 -126 -195 626 -124 -24 -75 -53 57 73 -551 -168 -103 -287 -40 206 118 -373 -138 134 154 -343 953 -385 -620 -152 668 -502 283 -201 -283 -242 -307 -579 679 -172 99 -374]
[-241 283 151 -14 -126 -534 -617 -165 416 624 -683 -379 198 -270 -229 -194 48 311 511 -506 152 301 -258 -180 47 -274 -228 225 -219 -802 104 -104 -115 45 780 -37 819 93 118 519 576 -469 53 -137 -272 217 -1004 -350 509 677 381 697 275 -27 963 -404 -704 707 -128 -546 24 -82 -65 277 -203 371 1 414 70 -22 -367 52 423 -27 -235 292 -37 226 77 -65 -789 -247 443 453 -513 -301 183 286 -338 -577 -299 -164 298 849 -366 -340 587 -386 331 -16 -467 -570 491 502 202 -652 5 504 -387 -366 99 244]
[366 -68 -342 -168 57 38 594 698 -357 626 422 0 127 -788 -127 -415 611 102 -486 72 70 -83 -106 171 -112 330 -539 -34 -54 -694 -641 80 -624 369 -164 343 -1202 879 81 138 -362 -406 -399 -144 172 459 165 45 324 71 -317 422 251 110 -866 -426 75 -81 69 -32 347 104 162 521 682 241 -465 388 621 352 307 -479 -447 -530 -860 330 840 -38 100 243 28 -325 -301 533 -292 44 135 -237 299 -62 -75 -497 608 -216 308 -670 32 -180 32 194 298 -209 -223 126 210 122 -102 114 533 95 -45 511]
[-490 216 -414 -171 -224 -376 -625 12 388 -493 39 -249 -365 540 29 -620 -455 -473 992 282 322 54 -33 -351 175 -419 282 -500 -580 1135 -496 133 -22 169 -749 -164 -157 294 372 334 -126 -339 -135 -286 244 -98 18 -178 -255 145 -90 -62 -849 -129 -334 111 -343 -79 -555 -3 -214 -109 582 -219 -662 -551 277 -259 361 -692 -80 -574 589 329 475 -261 -396 631 184 -228 -131 16 213 -142 410 -114 408 274 -224 -100 -409 -150 3 91 -483 233 -148 -72 -1306 429 58 548 60 -361 436 -36 -252 437 365 -777 -12 -19]
[285 197 -352 -125 398 142 -336 231 -145 292 -130 -810 176 491 16 -570 219 464 105 -169 208 -17 659 -117 509 52 -87 25 264 185 -267 76 17 231 845 -255 364 -94 273 -298 -356 -339 -360 -270 -46 -36 -178 -436 1186 906 -162 -208 111 -394 406 -852 422 435 -202 422 -118 10 648 101 -650 -174 8 -25 124 -181 -333 -483 -496 227 237 293 415 158 123 993 -550 -73 -194 -154 -756 -100 129 214 125 -237 -180 -419 288 -5 373 36 128 -400 366 62 -380 -13 -284 -83 296 116 209 -160 -181 102 30 31]
[-46 -308 -565 389 88 -326 228 -233 479 -303 -49 -19 447 459 -207 23 242 -158 -511 723 450 -213 51 126 401 150 -37 -323 -635 -511 -216 22 -395 -920 -54 -521 -270 -109 750 304 -663 188 -225 -161 312 -544 326 -239 -341 15 -123 167 500 -76 2 26 31 -329 -631 855 273 -258 -354 -284 -35 507 -636 734 -500 -86 303 -152 -414 1002 195 -12 -323 -411 -137 -211 -614 66 14 833 -644 -200 -141 -406 88 255 259 -494 168 288 -388 -434 -260 649 108 248 -249 277 -153 -698 -51 475 236 -211 206 297 -562 310]
[364 -336 -274 745 -387 654 236 154 185 280 390 58 -559 203 -664 -947 557 -161 56 -389 526 266 171 43 290 73 -553 -95 643 86 -310 724 303 140 200 464 -85 123 -111 61 -648 -436 348 199 -302 711 -260 204 -1 927 849 223 447 -901 173 160 137 841 780 5 -151 591 -136 98 213 389 -81 -783 119 144 -238 -283 94 -304 -131 -320 613 180 -93 239 -63 742 580 292 -282 226 -402 723 273 -135 -127 668 -238 -361 -266 -103 -41 -198 513 453 191 453 -513 162 27 66 62 -217 165 9 496 329]
[-289 208 -251 -136 -468 -141 311 202 507 -318 -233 -61 -691 -881 -653 45 444 -346 -94 -195 453 -353 345 -369 -230 -103 -265 93 766 -291 -463 693 -72 171 71 -24 585 694 391 64 5 -39 516 -384 -387 289 -585 -191 -256 638 502 -262 -213 -3 128 147 -70 65 1018 -628 591 -460 141 -277 -839 785 -663 -479 -13 64 237 815 106 325 -112 -752 -377 157 167 -159 -422 283 239 226 568 103 194 -182 -272 -199 -115 97 1057 192 -189 -164 180 -359 426 -133 319 -185 234 415 -26 7 -652 67 -60 -8 -57 100]
[441 104 -787 862 868 141 301 284 65 224 -669 -548 161 51 196 -545 473 145 -208 407 77 536 -162 37 1003 -58 -651 -236 -55 -507 -40 -207 -479 124 756 -660 198 -133 421 -356 276 292 -56 -40 766 1419 -153 30 572 -178 388 94 9 -327 -2 53 -514 -272 511 -76 -124 484 -218 -65 188 -292 -243 -546 62 348 171 -171 60 -422 -765 308 207 -104 -277 938 -47 -553 146 -73 53 264 -350 -327 354 -230 -530 497 -362 -338 241 28 -102 -119 665 -70 -542 -788 -904 707 646 171 517 768 -404 -591 334 -65]
[-402 456 366 -184 223 -261 -582 82 -33 369 126 -41 658 284 720 17 -200 595 37 190 57 262 -65 382 -900 131 -15 0 -680 -552 674 -512 250 155 569 -635 -11 -17 442 441 -402 21 -125 215 -97 284 -689 -521 -44 -299 -814 1036 -29 651 -38 -379 -702 -528 -727 -294 168 963 260 -461 336 116 266 521 78 159 -399 -108 621 -75 -420 818 653 314 -153 228 -91 180 -75 32 -546 -577 -296 -6 321 117 -406 206 246 210 -232 69 715 78 -535 -834 -18 -264 66 -100 401 -205 158 443 -101 -551 -316 -441]
[-19 91 -7 -43 -565 -232 321 -57 574 545 -262 -138 354 -45 -363 -158 -12 180 -408 -454 -67 -20 422 -296 -577 268 53 -317 375 -584 -81 282 -474 522 18 542 236 31 115 335 -178 -361 -126 475 -56 616 -474 -421 150 -316 -323 463 532 179 -674 856 61 -325 57 -607 765 538 -166 -516 345 669 333 -351 -198 347 -48 731 997 28 -16 410 -286 744 87 117 -554 444 290 716 -13 -127 455 100 434 -719 -397 -667 489 212 104 574 -295 486 -347 -470 302 668 251 -393 -201 -383 -380 259 292 -173 176 549]
[759 56 4 -267 846 -364 -309 209 171 486 -971 -63 -38 265 -94 53 -7 -397 778 485 139 43 -52 228 -122 246 -155 -445 -372 -207 -501 -251 -359 57 -352 382 225 206 -148 -695 553 -408 -135 -682 130 310 -342 -250 338 -564 -126 43 356 256 245 488 -136 -477 167 -15 1353 -157 -94 -36 1119 -271 -576 297 -19 801 772 674 2 -459 -734 -376 -128 580 507 366 -301 -664 366 792 936 -779 -251 201 86 101 315 -928 12 -776 690 -408 -163 -134 -253 400 162 340 -91 344 -650 -157 377 56 -135 -327 -170 683]
[-335 -170 677 -349 -302 -202 15 306 119 -193 529 138 -499 456 -266 -260 -333 212 508 320 -188 -100 305 -68 225 -372 -587 213 209 -581 -456 439 359 197 795 -746 -357 -254 594 21 -269 -156 -408 838 -188 424 73 -45 -100 -6 28 -500 159 204 -345 -33 -496 -245 112 239 684 285 594 -712 -38 -349 238 -1 -309 -29 -314 368 -147 463 -47 50 886 15 38 -759 -155 282 -155 214 686 579 -348 -141 337 157 105 540 -53 -391 -86 9 237 896 154 -675 -177 122 -667 -447 337 406 -5 -584 -54 272 719 349]
[-589 -334 -908 307 -178 574 503 -163 -407 492 598 -250 -172 -818 -326 -329 -572 136 -481 512 71 -9 -136 -365 118 368 634 -8 -117 -76 65 1049 -462 -274 -820 890 -56 -197 -114 -373 -878 407 -217 244 -499 -56 -179 228 -461 115 -359 -108 471 402 -399 -259 454 366 18 518 115 134 15 -535 431 -137 11 -301 330 539 776 -709 -240 -1 -318 334 -8 295 260 -585 -233 -619 -240 319 -209 9 341 -196 -589 33 -301 142 -379 74 21 105 449 236 -542 27 -397 -12 -517 126 232 523 -168 521 486 84 -198 -253]
[26 156 -221 193 -176 -783 599 -336 221 -1470 -190 544 103 -140 -392 -542 -355 -259 -462 -187 -984 -523 242 -596 -7 361 -213 165 -80 -332 -823 -552 43 -101 -583 451 575 -460 -642 226 -122 -202 -204 44 58 -341 255 342 -286 256 16 192 618 -152 931 127 139 210 219 -116 145 100 -442 612 33 -37 265 -157 374 -206 190 -695 -147 -159 -435 -509 -343 -101 -832 -253 549 -291 -113 19 328 -954 269 -129 116 52 242 -12 -17 1036 -207 473 206 310 736 447 24 164 -103 399 165 -604 106 462 -1203 -525 341 -53]
[-817 187 -175 190 -439 638 49 -276 262 503 -166 -85 480 49 75 -448 -522 459 443 237 -387 -344 -241 -503 77 -232 -303 68 -127 401 -14 -293 -381 477 285 770 -7 236 -396 -199 -78 -671 -655 742 -294 -276 -240 427 -136 -60 -6 111 -977 667 -221 -467 240 1188 -157 306 772 509 586 -183 -31 -144 -282 -575 289 -172 -404 -128 519 -12 1207 65 -296 236 462 -165 519 -1077 261 157 875 47 406 305 -232 124 -22 -67 -289 -74 -367 -1042 221 -754 -667 190 -138 -705 -91 -637 164 606 82 47 719 -263 -9 45]
[58 47 -175 327 489 179 -114 310 267 -438 368 445 -72 -317 -258 498 129 -337 -327 937 173 -273 692 65 -327 -95 698 -133 518 820 -117 -166 397 449 -376 480 -243 22 -1120 -597 165 511 492 215 -218 -257 -370 -90 164 -441 -151 -609 -115 43 -493 19 527 -524 579 -188 -333 430 447 -913 783 229 145 -376 -448 -361 4 374 -450 64 693 -161 -521 -384 397 -234 57 347 -354 -428 564 -90 -150 536 764 -27 -76 291 553 20 -35 353 -87 -183 -95 124 332 -276 570 200 -113 -459 -313 -94 -319 -49 298 -795]
[-327 -68 -901 -37 -91 1310 324 82 -344 792 502 125 247 -356 64 556 263 -400 114 -108 473 371 -147 -75 -42 -133 561 -37 596 65 -28 393 -873 101 118 420 -339 -216 77 -487 -890 520 -234 -447 182 -109 175 -444 -30 -725 -770 -358 -603 506 -447 756 553 -199 -331 376 711 -289 369 -511 -86 -779 92 316 17 75 17 384 -356 90 113 363 993 -1089 596 371 -546 230 440 820 762 339 371 -220 -83 181 277 420 -126 -293 37 240 -80 140 -622 -31 511 10 -175 -599 47 1021 -99 -127 -398 378 76 269]
[-610 474 -66 -127 -404 -32 771 -248 -208 178 318 -87 -115 -543 -582 -284 1 37 -432 -548 -256 724 -369 207 102 136 91 16 37 344 338 481 -481 226 -18 853 401 186 826 212 175 -3 61 -257 -729 907 -349 584 -272 32 368 -446 247 31 -361 -181 249 -71 638 213 80 -238 -145 98 856 157 -700 -578 404 680 695 -244 248 -841 -267 -167 -180 -419 -476 -163 45 -118 -474 486 -305 532 -156 -529 -346 -84 -804 317 358 -270 273 -37 -36 548 180 -365 -215 225 -661 209 65 -450 -111 -433 506 387 509 252]
[141 76 -377 354 416 -497 801 87 -89 -170 -403 70 -158 502 714 -255 421 337 -14 173 -287 547 327 419 -1114 -137 -604 -522 -141 95 518 -655 100 -243 237 74 -56 499 387 -233 -20 -229 -361 373 62 4 313 -43 749 -134 163 266 212 291 511 -86 -561 -238 315 -82 -645 532 12 699 -225 -394 224 -161 406 177 278 -360 -41 -610 -248 961 -143 701 249 582 103 919 -338 680 -698 294 207 -543 -73 648 392 -700 -550 -466 -55 -265 -270 446 -507 -65 51 141 38 -115 537 -867 1382 -335 889 -790 -376 -326]
[-208 -1156 7 724 -867 -102 115 -62 61 -41 677 153 238 22 -335 -340 -598 -255 -448 599 -368 -446 220 106 -27 308 71 312 -200 285 684 -53 -218 -521 -759 348 -359 -834 508 -121 -687 -58 647 -324 254 8 946 934 47 -39 802 43 105 -97 -31 818 -658 -448 -30 305 -943 -187 -611 -142 735 52 213 -521 132 286 721 -265 792 -498 -251 -170 -592 176 245 -280 396 116 324 -321 -652 -420 -193 -148 -339 115 -973 109 -580 168 -351 69 -548 310 -250 83 -122 572 -344 948 233 144 74 511 396 -216 228 35]
[172 -396 408 436 -335 568 -634 -213 415 -328 -466 -657 -266 -110 722 -31 -560 614 31 192 -445 778 -125 -990 830 265 211 -90 -618 112 -132 7 -232 150 -970 -778 -693 -19 487 321 -232 -412 -294 458 486 7 443 209 -675 -305 1381 -119 -177 257 760 168 -473 572 8 529 422 555 790 -152 -253 8 -260 -174 -203 -908 771 576 -333 -75 538 2 4 -343 -87 167 -212 -214 27 37 24 -412 -262 -314 183 -360 414 -446 -442 -162 -397 -37 114 -412 619 -315 399 -245 44 398 -389 -116 428 -155 -746 -87 -159 178]
[440 -620 578 81 83 -69 -51 -180 433 -88 129 -47 503 178 140 80 -226 -148 -556 -99 -188 -146 471 -203 -482 -29 -51 298 335 -316 176 -867 -94 -401 54 -821 205 293 32 326 -329 -272 307 357 -458 -253 -295 237 295 504 23 -38 -439 -471 -242 165 228 -293 318 -298 189 -226 134 391 -665 -537 -468 323 -443 201 479 267 -363 -613 1006 -177 57 118 -1 -129 241 499 -120 170 -92 -314 -765 -286 -676 645 845 361 52 -357 -279 -44 131 -379 1031 44 266 -538 -302 262 -477 -369 -332 -963 66 -67 179 16]
[645 201 -344 234 134 406 272 388 86 -420 531 -735 235 -348 -381 -46 -441 -325 -26 -4 339 79 936 -924 -310 194 95 -120 807 670 316 -225 204 509 -234 129 618 -814 -631 458 -46 -182 194 289 700 -145 -636 -296 248 -140 -49 -138 -597 3 -54 311 503 -6 55 184 286 331 611 712 -589 625 -421 -74 -468 -429 -799 391 112 247 820 -872 39 51 -660 345 678 478 -207 -356 -590 436 -125 -951 -441 107 -464 -272 322 -63 646 704 75 -741 70 -700 110 76 -207 223 498 -434 -466 47 430 98 -125 -80]
[110 303 466 -1089 -52 -268 -629 70 -202 370 47 -108 212 407 62 -123 -455 181 -32 -163 145 -392 418 -111 -418 141 -252 -38 -436 143 -623 -213 -298 125 -140 232 -147 18 -293 -24 237 214 -358 -1658 28 67 531 -47 388 -487 -381 155 341 74 -603 82 -49 -1289 79 446 -1364 -1142 -146 -429 -16 -783 287 -81 719 203 -490 -713 13 -636 372 617 138 245 215 -21 -44 -441 614 400 -168 152 449 343 -352 -198 -886 158 125 19 -163 -21 -513 -238 -468 605 -449 -93 -33 185 360 -709 -116 -361 320 -120 16 -726]
[48 542 298 -188 124 123 429 -383 670 921 29 444 -1 37 457 695 -182 248 59 128 -291 -327 -138 -4 -665 -118 488 605 152 -284 511 -270 -180 -757 184 106 640 -467 -456 757 -327 -266 -198 -282 -215 145 -433 -643 -122 -182 -794 -291 -853 735 -195 -432 -335 122 587 -463 -799 255 -33 -63 119 95 140 248 -219 895 -111 -808 155 -283 910 131 -510 -831 338 -76 550 -140 655 335 -705 47 89 72 -627 569 562 -634 -439 455 -4 326 481 -25 75 -757 -127 -375 304 -32 -80 -42 -468 153 -129 290 146 535]
[193 -479 597 25 -116 535 -198 -543 230 -76 414 -218 392 -136 617 206 118 332 445 112 -300 290 -289 500 38 -120 153 252 145 -835 610 38 926 521 97 41 -137 -532 -287 -246 -202 25 12 13 370 -509 -227 -71 287 226 492 -125 -900 120 -722 -131 -524 798 -582 -63 93 517 124 762 -740 243 390 209 -865 -25 -432 530 -38 -125 211 306 -97 -784 -811 213 612 527 184 -202 -418 159 -626 94 -515 38 -203 -543 -890 -333 339 255 34 1025 493 -1010 340 -290 40 660 -586 466 775 -184 -96 -622 -395 630]
[-291 34 -557 235 148 -67 851 736 -330 142 -435 663 -27 404 -919 129 77 -574 -73 -328 440 113 46 390 -724 4 -79 -156 -259 -394 -89 -17 14 -126 272 -738 -464 -229 -131 125 -1072 -83 72 35 118 774 -3 -284 -80 627 -386 107 -255 -602 -236 484 319 -652 333 -262 -774 641 -631 -96 539 -71 -697 -826 270 232 720 -327 -63 18 372 -238 10 -68 -291 134 25 499 120 37 -328 181 -247 -218 -291 421 -513 463 490 -514 -597 71 99 -265 -1055 335 -114 282 -35 -108 -91 429 -619 178 486 -41 119 -292]
[-687 144 89 -271 -244 -418 899 -516 -112 126 -624 -140 -79 72 -333 1054 -496 497 -235 387 91 -984 113 -60 -681 -285 -166 465 15 -106 424 -51 211 -477 -438 436 -61 -25 -770 -225 6 212 27 202 -271 -396 -1552 254 652 -88 165 -746 314 -250 51 -151 -335 -16 739 -1040 342 -784 -58 187 -47 225 580 -14 -543 514 -358 -157 -411 288 -171 -284 -694 817 -217 -275 -178 -180 -516 -151 390 54 416 -282 -149 426 -149 -1 96 925 -243 68 -618 -394 449 491 -476 524 -104 215 -144 -13 323 380 174 256 740 60]
[33 339 759 77 -561 105 -139 74 500 38 302 638 771 230 117 502 554 -94 -793 -789 669 -284 210 161 -105 -456 811 -505 42 208 82 750 94 33 -129 72 372 464 -750 -34 -85 -75 -117 391 620 -460 -100 -355 535 31 -399 -68 726 205 -406 -19 226 -386 305 -399 824 319 243 -1055 -342 -83 386 -151 -117 -267 -221 362 -30 -431 244 3 -255 -395 -792 -40 65 -142 242 -389 22 -166 -767 305 -151 784 -427 -42 709 168 -384 101 -206 -313 216 -113 697 398 533 -608 -203 710 -651 -763 -438 -69 821 -686]
[17 208 -88 956 -25 814 199 218 768 358 406 -423 37 -119 272 -794 -302 36 -370 466 -809 536 637 -115 1457 361 -207 -151 11 -8 -484 225 613 -23 -504 -649 -817 193 96 -86 -751 -164 -283 -87 776 268 89 -263 -345 271 59 -1056 -65 -33 429 805 131 643 -931 147 -109 569 460 -812 -129 -211 205 -342 605 -284 194 4 256 -78 81 343 -195 -222 -426 -1 -279 -15 65 -124 687 22 -119 -437 88 -573 245 91 -564 456 251 -278 267 624 -619 -60 -532 306 134 330 37 222 -278 210 168 -398 -14 -195]
[149 -113 121 346 -30 -425 907 -659 -116 -211 -583 -285 -449 400 51 274 -216 108 -175 379 -674 -388 -52 -320 -122 182 -147 727 222 358 -332 -664 420 -401 -149 463 -76 -452 -465 -71 -766 296 -503 -60 -41 394 67 6 362 276 426 -559 -673 -811 126 509 194 641 14 -128 -191 -242 -144 -78 175 -197 35 -226 14 -58 -875 53 -275 467 439 -307 -686 44 -522 -527 -106 262 20 -213 1075 -279 647 -732 -40 6 613 -375 -890 -126 133 17 656 -154 253 364 -287 -326 382 -61 -233 58 -164 72 293 41 603 269]
[-144 7 -10 -486 505 -412 -479 -140 508 798 -277 -348 611 130 184 817 -43 -494 142 -492 46 357 388 303 318 388 156 169 -255 37 161 -244 302 467 211 4 712 -503 -592 -153 517 -287 -364 249 111 -43 -422 -515 371 99 431 -59 -399 639 -419 -201 75 -21 67 334 -492 -264 -646 -536 -537 -6 -69 83 25 -311 254 -462 438 181 680 231 -359 -1475 131 -12 113 74 -86 508 445 174 -736 -152 -179 -524 -692 274 105 -185 -219 732 372 52 -323 -486 -373 -913 730 28 -237 -138 -228 -766 -337 -419 228 -742]
[-109 0 126 -134 538 -75 -154 -120 -20 594 13 -316 -191 -158 468 229 -425 -33 147 439 277 -85 -68 -188 -44 44 99 -162 531 374 -142 772 976 152 -328 -163 -1051 -442 317 255 86 301 -120 -367 -314 241 -449 -229 -46 -69 64 250 280 -64 -970 -40 -480 -458 144 604 -411 549 -49 301 376 90 822 580 291 -251 -94 -764 -16 19 53 130 -741 141 -164 442 28 26 -216 -90 255 53 -270 451 199 -270 518 -577 -665 -274 90 195 119 165 46 -482 -830 314 510 457 376 -247 -723 511 597 -302 -590 -287]
[1191 -198 654 5 -425 419 -461 700 908 828 337 -171 907 367 660 336 167 53 -598 71 -249 -41 677 -312 -127 143 142 -91 315 -423 531 76 437 431 -162 63 89 167 -554 -147 388 -529 -532 839 655 -614 181 -189 71 -234 407 441 129 478 368 303 34 -238 168 -732 745 455 639 -644 -604 404 464 441 315 -359 -375 1117 531 -488 143 92 246 -127 208 -13 710 560 248 -398 303 -179 -440 661 635 -174 -351 -763 -77 305 -155 3 -491 -463 125 182 143 381 237 -768 -214 268 641 -467 -464 -41 23 -428]
[-272 702 -454 130 689 -315 -271 401 -85 79 189 630 2 -792 -364 -215 267 -779 141 -117 -370 -252 58 195 -1028 75 -36 159 -594 114 -245 99 123 135 -584 338 154 101 -312 -16 -392 -465 158 220 -774 43 663 57 374 426 -191 19 -563 -251 -326 -572 754 -456 -273 -298 -239 263 -91 302 391 292 -460 148 175 -10 -38 -887 -150 8 470 17 262 -652 -86 -320 682 372 -107 -298 -271 343 1131 -149 121 309 -37 -613 661 45 -849 -701 411 -548 -916 324 462 -424 -215 380 931 -430 178 -401 440 -326 -304 45]
[-133 -10 -545 -157 -523 43 -336 -87 97 420 -444 -1034 -387 -386 -84 65 -950 244 297 277 409 -427 -135 -53 102 -325 2 -327 -399 414 318 28 -118 -483 -756 -361 336 -159 -650 -196 307 107 -988 273 205 623 -29 17 179 -265 -50 146 266 387 -10 -99 40 162 403 190 515 -763 231 -290 40 170 206 -113 -4 233 323 354 -270 167 -836 249 -229 491 232 -628 -109 -968 137 -287 171 -282 148 312 -203 584 -325 68 -794 303 -599 246 -9 47 -215 664 297 559 -919 -503 545 685 290 -225 -159 293 -2 -128]
[-124 -525 837 -218 -1308 197 -87 -677 -24 -6 -304 -854 -702 213 58 652 227 349 -406 -246 283 -843 470 602 -129 -200 288 333 -117 -28 297 121 359 -313 -378 149 -458 -316 -113 -243 -1253 489 22 253 286 11 678 -302 -25 -183 635 -514 555 -362 504 343 127 416 -1124 -560 244 -11 -43 -964 919 321 -48 -32 -706 67 23 429 -469 897 -209 -310 332 -42 -6 -478 -930 672 -248 -350 -65 -122 -290 -234 -172 -467 60 386 279 357 308 492 152 98 -425 106 103 20 210 -503 -1126 793 376 -521 156 -21 276 429]
[-578 17 -136 571 41 385 241 -684 388 -106 429 242 -46 -344 -845 -150 188 -856 457 141 196 37 100 484 758 -125 1297 -227 33 648 869 447 -16 -596 -647 127 65 531 -635 -73 -518 182 222 111 -285 -399 -178 -149 246 425 260 -441 -24 -740 -320 141 151 665 -975 249 126 -29 -2 29 13 778 19 136 135 64 -171 284 -684 206 -458 -800 -172 -512 -568 -285 54 199 331 -640 -34 -674 90 -151 -150 -31 522 469 -142 -109 30 604 -196 410 -141 134 417 210 466 405 255 502 -540 648 -759 -269 599 -89]
[3 214 -227 8 -350 1 -42 607 -112 -126 -247 170 -280 -59 -555 -670 -282 334 122 589 84 135 -201 -43 510 -384 -415 24 -539 -452 -576 1016 -133 731 -295 -319 -765 -23 346 -173 617 -62 -750 190 -595 638 -276 727 -424 190 168 789 639 -435 206 -12 -228 695 339 556 118 744 263 -95 114 -39 -486 -490 -396 -218 405 -153 231 235 -72 541 413 566 57 -414 -496 77 -460 -693 -267 167 572 205 206 -482 -55 989 -751 -600 -254 -120 586 567 78 -370 -370 504 -135 -418 617 -371 370 -257 479 118 -245 -96]
[-203 275 -502 -66 188 585 -264 179 -105 61 -631 -419 249 127 1227 -266 288 103 -740 1094 -253 410 508 37 896 -203 59 -473 -109 173 -556 -344 -886 -27 -21 -683 84 234 1288 -201 -126 112 -282 -283 548 950 155 -64 547 -658 -545 -13 -747 304 -120 127 173 481 -700 727 876 220 172 -95 -269 117 -240 -130 -31 19 -64 866 -1 -378 708 -349 -816 -443 127 -3 -544 -713 -98 996 -229 -118 -461 -518 385 241 -35 -438 342 -107 22 213 -257 -123 202 -281 -327 -469 -18 -854 47 -464 48 -13 570 79 -62 354]
[298 -750 -463 61 -261 650 -510 -762 -344 -137 803 -838 235 -279 479 -623 263 208 401 62 -101 105 -200 248 442 788 -577 -149 238 24 225 -169 1030 667 -132 -388 -672 -502 -349 -603 269 -533 436 -27 17 327 123 -161 -179 161 693 -44 477 -369 -43 740 -366 429 -1217 218 -339 -121 -62 431 161 -385 -105 -47 277 -21 -117 -685 90 -369 308 431 312 230 106 206 -128 -139 727 88 241 227 22 -92 -491 11 167 -290 -796 390 64 -234 485 158 -325 133 -221 -26 72 189 -69 -349 -242 136 412 -266 -83 -267]
[-21 -252 -246 -200 461 240 -1013 -309 126 -488 -359 -431 -160 729 236 -821 -295 93 640 -187 -350 28 399 -374 299 379 555 -298 402 -375 -441 2 -114 501 -108 -315 -163 216 -42 -149 244 -388 -732 379 -215 151 117 698 -472 -58 97 -552 247 377 501 269 496 206 -627 240 117 362 228 -634 20 -767 393 -113 138 -395 -533 544 -324 -644 405 46 -849 770 38 263 -292 -46 223 196 737 -370 782 83 -527 17 474 -327 360 381 -141 -83 157 -5 -377 513 266 218 742 -42 263 -83 -18 -468 452 -818 -291 -83]
[205 -164 110 388 -157 1209 -174 -388 -107 -333 291 86 -346 -308 257 343 -471 229 -260 180 301 499 -125 -59 403 332 595 -19 25 509 560 114 312 468 -674 295 484 219 224 25 -936 289 114 -291 -267 183 406 -613 -246 -211 -403 -132 -1221 -46 -637 559 260 -1024 40 44 117 -178 58 -1126 -287 221 -204 -512 578 904 -3 191 93 -129 171 -315 23 -438 530 -464 275 -700 123 82 753 -282 18 73 47 17 184 -221 52 -276 -74 183 -202 256 -93 -2 -122 -660 -389 -12 -205 640 -561 905 -125 270 523 -44]
[584 -34 -124 -668 -522 303 372 -189 452 389 59 -547 714 261 648 14 -61 889 -72 122 -252 -572 -44 -595 -201 1047 -180 347 -518 -306 -88 -227 -356 583 -373 767 902 -393 -613 -135 303 -476 -626 -270 259 -869 491 -360 -391 -677 -87 748 227 700 340 290 139 259 35 63 1043 -44 459 -313 270 227 -88 -439 -287 328 -97 645 379 253 120 101 159 -69 263 -299 -87 -490 -19 -374 -964 -770 265 306 -121 -177 -29 -1302 -525 948 725 246 120 49 955 -193 29 -87 36 -236 -736 53 803 48 -158 380 320 551]
[619 -677 263 152 -563 -52 1063 267 706 -295 -554 -98 -203 -848 -254 548 -36 -52 92 -194 961 -557 398 177 -47 81 -159 -308 -192 -247 -337 389 67 419 -618 -578 408 281 -456 -108 251 610 526 346 134 -495 807 -1023 -836 108 546 -274 -47 -228 -614 -50 -182 -292 -212 -698 -414 -640 -728 -131 477 356 -278 -579 -507 -376 98 1069 855 473 523 -922 -753 -28 -61 -224 -174 -12 706 -339 108 686 -168 337 -413 -602 69 -391 -239 -403 281 -406 -511 103 -106 525 219 511 -57 236 -1370 8 -1070 431 84 -155 325 -227]
[32 -603 43 -518 319 -194 80 696 -374 -71 156 353 516 -182 -112 -99 228 141 -1060 -162 177 -1467 356 -60 -809 933 -340 -401 12 -316 -651 -376 -534 -388 406 -219 178 299 -659 308 -490 359 683 -121 -460 48 295 259 -543 -287 -527 565 330 -26 -706 10 159 -328 -128 -713 113 272 -513 590 488 -48 12 -539 203 1326 777 568 313 -679 112 -24 -60 643 -662 -754 93 -707 -283 53 -241 116 19 -390 -212 -5 -14 -383 -232 258 204 356 50 -865 295 617 11 -603 -329 22 127 -12 328 286 288 432 -232 -480]
[-1006 -209 212 -519 286 -215 -208 -40 -331 488 813 -382 238 -68 276 -419 -321 -34 408 116 -227 437 -315 -165 471 12 -7 330 -252 99 -646 986 -255 262 399 -859 -259 -618 1036 53 641 490 395 -968 -92 -152 432 196 257 150 -34 -572 -189 80 -304 -306 -126 472 -442 750 -169 -482 385 324 100 -793 175 72 -344 -209 401 -136 -473 216 520 377 -4 -721 -37 117 -753 -313 -688 -221 -138 437 113 -209 -364 -563 -418 152 -205 67 440 413 55 410 -155 -642 17 -664 -407 552 224 -508 118 -430 -715 108 -253 -65]
[-555 81 976 -639 -360 -953 964 101 234 -274 -500 -232 310 378 -474 -504 -433 325 708 6 258 192 982 -153 -828 430 34 142 -107 156 -60 -96 52 -154 609 -153 172 525 107 303 311 -666 -796 353 -470 -650 -601 -142 -142 249 163 357 227 657 296 -307 -534 -267 44 201 -303 196 413 276 165 -423 -176 317 145 175 -371 -606 357 21 -36 323 580 189 -676 175 -101 -5 -315 514 61 298 284 -352 -147 707 -481 -414 -261 390 -20 27 341 -315 75 -117 -58 165 261 -475 -379 -1058 -463 -710 467 -486 -379 -421]
[351 15 35 -182 622 -130 -65 163 -170 -825 -182 18 -610 491 -182 -399 162 -861 1002 -226 -116 -29 457 498 -198 406 24 -543 -89 247 119 428 446 -664 305 -472 -295 -388 711 -17 212 -8 169 -137 25 237 -205 95 -251 -10 349 -548 -311 -98 293 222 -144 -231 -350 481 -708 -22 -366 519 -281 -105 -223 290 297 58 549 -149 391 56 -262 159 -317 -200 186 635 531 -121 -381 682 -626 1064 -17 -913 10 -284 419 248 -436 -539 9 424 70 204 -614 -240 -35 94 620 -235 585 -206 1030 -693 645 147 -708 408]
[574 -992 344 611 -123 -30 -130 250 86 18 -89 -268 -157 176 380 1167 408 -790 239 132 -132 -9 124 689 383 -1126 128 -379 917 -237 -198 831 46 333 432 -662 -855 -336 79 -246 -97 -25 -1218 230 948 441 342 -421 309 -23 -116 400 141 -134 -463 638 -232 -7 -511 -213 -284 183 390 -116 42 -529 -315 -31 49 12 254 52 -133 302 171 352 -289 -921 125 707 -544 106 -357 185 -51 20 -609 309 -133 153 -261 560 -174 -550 381 0 -250 580 -484 -617 -23 195 627 -234 129 624 -221 -255 141 -335 -281 53]
[167 -183 597 149 -232 -69 -530 161 172 300 -211 -16 576 166 -2 -181 -73 -297 -358 778 -271 288 553 146 -455 318 -124 410 261 -571 -395 87 203 -359 1064 585 -421 85 -1014 393 305 -94 -112 542 428 204 -987 651 127 -808 -507 500 -285 -165 -665 -190 235 664 322 121 316 474 -98 -505 -137 78 -207 120 -487 -87 231 151 399 -184 63 554 -214 -139 -504 54 156 -226 638 315 537 -517 -90 287 62 26 -367 1258 103 -386 261 -242 -18 -530 -250 224 149 -580 67 -26 194 -507 -80 -171 419 -264 -530 322]
[-175 101 -203 -24 -147 -13 -406 -298 -625 -192 599 47 -337 361 85 -599 -2 -219 454 -570 192 -507 -940 -240 582 328 225 215 -266 918 351 476 -124 252 -651 483 607 -641 567 14 272 262 250 -591 -221 369 255 929 -654 304 274 620 510 -183 -134 287 33 -151 -235 101 -291 186 -318 349 -336 193 865 272 -165 -507 -365 -87 314 177 -682 -316 -96 -92 -378 -221 144 460 -380 -552 172 209 -147 -215 -12 43 -254 819 -432 38 274 671 -231 -408 327 -273 -355 725 -123 419 -389 109 250 -141 167 208 64 240]
[-118 220 -585 -125 9 336 392 863 73 444 375 -717 688 -441 -271 614 -364 218 -839 -66 -403 -384 -377 -437 -52 66 249 246 -573 -334 485 -392 -643 180 -545 564 781 -475 -1093 145 90 122 -198 519 416 354 -326 -268 108 -839 -185 558 305 586 526 21 889 -509 -395 769 588 -19 134 77 407 718 -267 97 253 -158 -673 -34 -764 194 232 371 329 -331 321 -159 -354 -759 -536 213 -772 -44 365 -285 -229 -402 76 -461 -154 348 183 -348 157 -712 643 40 -114 -801 188 -133 181 -557 89 107 4 804 1148 -272]
[368 -75 -639 -577 426 -550 -8 -334 17 0 236 -1057 -145 513 175 680 400 -56 -225 -369 -366 -62 -212 -118 -719 -416 -320 266 151 430 -16 -526 -291 -52 -112 -353 210 125 -274 134 -173 41 -224 -688 150 4 724 -317 327 274 514 -488 -76 -655 931 -417 110 237 262 -82 -935 -783 -77 -167 -324 -91 216 -411 347 -577 183 40 -983 -22 552 -70 -958 -50 655 39 98 632 -380 -5 -437 179 208 14 -87 329 -179 -1075 -3 -3 62 647 -34 -319 -402 426 319 101 480 -24 -81 272 677 -1045 96 593 201 -146]
[-618 -151 -312 106 111 -127 574 -223 -158 -245 687 180 58 121 -95 145 -565 -602 758 314 242 125 246 35 -259 -140 467 -140 156 -82 460 901 -81 866 -314 348 -448 -179 313 113 -540 133 -646 -664 -688 -584 -638 -314 -827 -469 -138 660 -82 627 -712 -48 -149 -33 -248 219 -236 -449 676 -450 -302 -764 -360 9 77 -283 587 -467 874 -47 271 537 -128 -346 427 444 -24 324 56 159 -232 123 359 451 -108 -434 -460 804 -641 -414 -310 5 -349 483 -56 -593 -898 201 56 -475 428 640 6 429 767 -227 -333 134]
[-85 461 177 -670 134 412 -250 -136 -538 -87 775 177 -10 -424 -24 -381 394 221 -397 -748 -131 -696 33 103 -144 226 -376 -227 -286 -855 -491 338 423 557 -325 -506 704 574 513 177 -742 289 262 128 -567 -51 149 148 118 493 -207 -192 508 -232 -209 -504 609 -514 -339 -390 628 -163 -185 -130 -41 940 -297 152 397 -40 -156 -311 15 417 99 104 -688 192 75 -987 -28 25 -523 254 -296 353 538 -470 -641 229 599 -737 1334 824 346 5 533 60 -154 -163 273 247 511 -242 121 -249 -134 267 314 65 116 -140]
[450 751 -381 587 168 555 -241 1014 437 4 50 -332 757 -33 311 -599 471 397 -886 -549 -480 771 -890 -306 174 521 -16 -110 54 76 347 -361 -496 135 -22 -64 6 -81 -847 -57 -49 526 288 -26 840 185 -181 106 -117 -119 471 80 -242 415 269 -367 -123 65 233 600 -46 1270 374 340 710 796 403 45 158 -770 -362 381 -499 -477 -506 504 324 0 -498 436 -156 -225 -369 -258 -183 73 -125 401 400 -168 -849 -581 -187 -453 377 -252 -910 -396 401 -8 519 -618 -302 703 126 -279 621 424 21 -813 549 -227]
[-695 -328 -224 344 -148 184 616 -319 631 328 -388 5 57 -45 -836 110 373 225 -111 -309 -667 -534 437 -447 499 801 468 -388 305 90 446 322 -426 341 316 661 -65 75 -469 -416 -315 -608 -813 497 -505 -196 -933 591 588 294 197 -241 604 -84 463 294 446 557 709 -58 1312 705 43 -1008 -91 439 318 44 -587 63 242 441 -122 -224 -480 -25 -398 366 140 -267 677 -24 393 -222 426 -512 98 636 375 11 81 87 -68 5 -178 825 296 -373 642 -70 -302 -435 -67 299 -717 618 -121 -172 -159 42 -224 327]
[-51 9 61 -252 -187 553 565 491 196 56 -1005 -307 -324 246 -26 481 -185 112 340 427 412 -198 -370 405 -561 -1045 30 -134 -296 -322 10 517 -651 33 -974 358 -258 526 -595 -613 54 499 -1248 -308 247 -127 377 221 242 -890 -412 103 9 16 750 -428 180 497 6 249 -207 -729 -28 137 -521 -876 320 -621 -24 -18 -548 -139 -698 -162 -216 -194 -438 181 -55 758 248 -650 -771 263 -497 -162 699 -287 -856 76 -507 210 -222 -564 83 -46 -471 -54 -35 484 -115 -326 -194 -428 828 -247 436 -492 676 -410 18 -133]
[-165 -258 22 166 500 -27 -133 -331 -186 -226 90 102 362 189 625 -279 674 254 -100 12 409 293 -322 -216 21 -293 755 -208 634 -102 240 -8 -185 15 -426 -3 -137 -264 -43 309 58 775 -11 -58 682 350 -205 -223 255 441 118 19 455 -80 -46 106 -112 -215 -627 -13 -452 108 358 -54 132 -292 495 301 474 -377 -742 -217 -774 -745 443 -13 -216 -513 -846 390 -55 141 -265 599 -579 6 -339 -692 -193 310 -755 -215 1233 588 -111 422 -324 133 322 -447 97 -744 -34 -120 462 -437 -148 161 142 -767 367 157]
[-34 237 171 288 178 311 367 -815 318 320 -13 -103 22 -370 565 174 -209 -39 167 2 -629 324 637 -120 -381 -103 -143 -361 -600 160 443 -531 392 297 -237 -55 47 -240 -297 -986 -25 -558 -134 92 -195 -208 129 -450 510 -377 -9 -1031 306 -12 -275 -652 666 49 -161 -216 -374 28 -62 -373 170 286 -540 27 -640 -142 147 303 -222 457 864 -117 -975 -840 137 331 425 703 -377 -38 -429 -14 -721 -787 -107 49 639 -109 15 -90 128 184 345 -182 -817 -357 243 463 409 -393 -230 -90 48 -755 -355 -73 -480 112]
[139 -524 -1074 317 -609 -152 140 155 368 -411 361 -533 -188 -273 10 -327 1114 -90 198 103 311 115 -257 -21 -254 40 -185 589 246 -350 -1004 279 32 298 -337 604 -479 870 329 146 -1024 -409 5 -155 -396 135 -524 -351 -903 85 452 -545 -907 -491 367 1248 301 57 194 476 -411 42 -133 54 -174 -167 432 -249 882 88 -93 -471 827 310 616 -370 -79 896 366 -552 -181 576 -122 989 710 369 934 8 -520 -571 280 -486 376 253 -118 -328 -74 432 -213 0 -56 -202 334 405 -41 -598 231 626 837 -119 82 219]
[-346 -13 -481 29 -12 -74 -73 94 -425 -579 -695 238 -156 -227 -28 -558 -212 103 242 -501 -124 874 -829 60 422 -692 549 -583 -929 -272 -417 -266 -292 429 -768 -29 -350 8 472 -25 1057 -157 97 -287 36 -154 -221 87 -808 248 137 -40 -719 -76 -577 100 -119 -74 262 -205 -711 -294 -494 752 140 -54 508 -496 -62 -207 -289 225 329 275 532 -654 -137 -150 40 -581 -507 -444 -795 -573 593 445 745 549 -520 -569 304 -282 101 91 6 -175 255 614 -271 390 -482 575 588 -127 -140 -298 -97 885 -362 -505 264 -85]
[-523 -20 -428 859 -702 -298 657 -763 67 -426 -210 454 227 -186 18 -11 -286 -125 -281 -150 -1005 734 -1 -677 -175 232 172 56 -639 844 363 -671 -131 -496 -1176 -331 -305 -8 223 -487 -703 -542 -104 -285 -277 -41 340 127 1005 679 368 -62 223 508 482 -100 -268 -533 8 147 -848 -163 -411 374 -339 -205 -337 290 539 -266 1249 -980 314 -505 51 555 -908 504 99 759 326 146 -379 -37 -36 -163 -64 -575 46 314 -191 -702 -28 -104 -1059 -783 -13 274 -172 403 26 471 76 369 -213 -607 -89 -24 -17 -672 -49 83]
[-1247 -146 -554 -140 -41 543 519 181 -268 130 -92 259 15 -275 -107 -843 -1016 19 -14 -310 -310 138 686 -1198 -1012 580 192 126 367 126 -426 -4 -507 464 -213 -83 -150 3 -102 -340 -667 178 -383 -231 -1392 -799 182 174 152 92 -289 -239 -101 580 193 -426 -85 444 317 310 -636 -237 -61 576 -337 -1030 707 -492 -439 -543 489 -203 -250 -631 631 390 -122 258 -135 362 397 261 -210 214 -607 481 859 -470 -596 151 -581 62 53 -260 -517 430 -10 -540 -124 396 -313 145 -854 -63 745 -575 -86 -724 601 -375 -258 -101]
[221 255 -36 84 153 57 -158 249 450 212 23 -137 1126 360 173 -333 -598 259 -39 -22 -187 852 -235 -65 -126 422 12 -323 -717 -1013 343 -161 -171 282 -599 -240 -293 -204 -238 257 313 -336 -246 321 604 -433 -596 345 -572 -209 -986 706 -123 421 167 -142 85 -8 -588 440 789 385 -287 228 95 -182 -535 609 -514 -190 -54 167 175 -548 288 -90 249 247 -204 -275 507 -393 233 -179 -566 -129 86 -352 -488 625 -464 108 269 291 -660 -298 149 114 -482 -147 559 -143 -373 -132 -60 -323 -326 -587 17 -413 -701 -139]
[-229 -11 131 -165 -543 172 -151 394 245 315 236 402 -193 -142 -227 343 -27 -169 734 -330 -149 -372 12 217 -506 628 586 399 -273 444 504 -1244 338 508 178 -101 165 -121 -452 70 778 -673 777 347 29 130 -98 -708 -678 -81 105 -237 -602 -339 -521 -400 166 181 454 -431 -638 -165 721 197 916 289 -324 -54 150 73 555 71 656 -145 215 -207 -86 -497 9 114 777 285 991 -204 109 -561 -534 824 -204 -130 318 158 -313 -245 -4 -134 651 14 -402 -294 180 -320 -204 531 -398 -219 -538 -221 -176 -46 156 255]
[-628 249 235 520 416 858 -277 -949 200 141 -228 462 -170 -531 363 880 239 -165 194 447 390 77 -833 863 -92 -433 -188 307 -210 204 470 163 432 -87 -627 127 -95 389 449 -272 -894 643 144 418 -190 13 -25 -572 30 -357 -415 -379 -1178 -241 -571 258 -371 -168 -293 -191 283 644 -243 -305 645 21 223 -97 -300 8 260 134 -26 -208 -201 -265 -218 173 -48 -52 295 218 -24 152 391 178 -117 -334 379 720 170 -57 -501 -823 -207 -22 -254 171 -601 -813 283 -556 33 587 -434 184 -486 298 503 44 -74 -365]
[270 13 196 31 422 1578 -454 237 278 375 -424 102 126 -430 -225 170 742 1000 269 519 679 315 -359 129 157 114 294 512 890 -366 483 -30 526 664 87 295 3 855 -1480 -122 81 172 -281 106 294 -194 -206 -349 275 -72 -402 197 -734 -189 -376 -972 527 153 -696 167 151 410 193 391 409 -40 272 -195 -590 -184 -131 1233 -721 -657 84 121 225 -363 -1142 104 76 -304 194 15 -145 540 -258 633 205 -3 -22 -90 173 176 493 703 -522 -120 246 211 479 -1002 -152 123 182 -45 226 -471 143 488 -18 -95]
[484 189 -237 -38 -685 297 -163 -320 -44 708 455 109 492 633 152 513 285 274 164 -951 -320 -498 -752 740 -401 -113 194 754 371 -665 595 365 -48 101 87 571 18 -440 -207 696 -277 413 292 -92 -368 825 -215 101 21 530 -42 112 7 -130 -977 -829 241 -109 684 68 70 475 -150 163 607 550 245 361 484 604 -675 259 402 -314 -109 281 -208 758 164 -84 -382 130 50 -442 -361 -546 -38 378 738 -403 -770 -434 382 219 131 232 80 483 405 -541 760 82 252 93 613 147 198 248 -308 213 630 100]
[-16 435 -257 281 681 350 -593 114 663 -1261 220 -592 225 240 344 -398 -94 -105 265 -461 -881 457 400 -697 -673 -474 -28 -178 27 435 698 -335 374 169 137 321 -178 -161 -954 44 -224 -718 -297 447 41 -575 -228 -505 -248 -565 0 -35 -571 463 -107 -210 115 409 -482 -284 88 939 153 497 -883 -860 704 -192 -509 -22 63 489 134 -328 302 437 -959 176 -415 -75 404 -288 -61 -293 -68 406 92 698 -268 -222 614 -786 -422 711 12 217 63 -202 -662 452 69 -553 885 -86 -24 503 -229 125 -112 -474 -361 -90]
[-147 94 -385 421 -317 -306 354 -152 423 819 -252 157 -198 -337 105 514 405 171 -486 -339 222 76 -68 100 189 -460 57 76 -33 313 525 -514 -657 -280 -41 -141 22 -284 -586 -92 -398 -304 263 302 -200 425 -104 -227 -105 -429 261 -434 197 -65 456 -25 -41 492 405 406 -408 -626 -469 -400 234 7 329 235 -93 39 -304 -382 -305 357 799 -282 -140 -362 903 -119 -657 696 -111 651 -451 153 16 -605 -226 -432 1073 183 48 229 -553 506 -590 -180 74 -581 836 -214 201 -337 99 -660 -246 -599 -133 412 518 237]
[325 164 110 -183 849 -426 -88 8 -24 -97 47 -524 151 215 178 981 26 -147 21 257 -343 398 171 137 -321 -394 608 62 -87 -853 712 103 27 851 1201 53 -164 -617 71 -392 603 56 -444 34 -114 119 -736 -277 267 350 290 126 89 437 -116 -586 364 -304 444 -472 665 -605 269 -202 -641 25 -232 -77 -586 879 -642 860 -389 83 438 -840 -616 -202 862 -417 -37 -90 -369 109 89 61 -383 365 47 -399 -23 461 415 -215 -187 67 -129 -205 371 -643 -403 -396 835 -477 -268 799 79 -469 -140 396 415 237]
[196 332 -183 149 274 244 -401 -329 774 -91 -491 -679 389 812 261 -145 524 -123 203 -491 21 556 -387 24 336 -391 -145 272 -170 -389 -249 -56 -303 106 -55 -129 110 448 986 -219 -623 -898 -882 -270 575 486 -9 -75 486 23 32 -380 -220 -136 -87 -289 -292 -801 170 663 -131 2 -126 -418 -264 -146 -215 -65 544 -67 520 -81 -324 349 92 540 -730 -253 266 1560 242 229 -93 433 -134 -364 -186 -358 -66 33 -481 -802 428 -201 78 -159 -309 456 -564 -347 355 721 93 465 18 227 97 -159 -373 -220 84 286]
]
