possible sol: L_100_46937, length = 2214.36, time = 48.76s, vec = [-171 353 -175 147 -200 -266 114 -48 211 129 194 142 -82 -80 400 49 66 -81 458 164 10 -333 289 120 -152 147 -127 124 127 -30 -130 78 78 59 171 151 55 -146 -418 41 -404 -26 8 117 -21 -169 472 119 304 67 -68 -255 -5 168 294 364 -455 600 -263 165 -262 188 53 197 -444 135 91 464 467 -92 221 -127 -248 -244 52 225 172 36 54 5 121 -220 404 -128 -145 -259 219 1 -279 263 56 -39 106 108 -82 410 -37 313 -4 96]
possible sol: L_100_60314, length = 2281.24, time = 48.55s, vec = [34 1 -88 -83 -184 -442 301 43 -256 141 -66 39 -79 -88 -47 175 136 -238 435 251 -73 -45 48 26 -210 -123 379 -168 -138 -176 203 -457 -150 -378 -95 -10 -56 438 265 90 357 174 -140 -149 -48 119 -276 159 190 12 123 237 -235 140 -135 -297 -349 -41 91 -521 -189 55 181 395 220 -410 -411 8 88 -58 -276 83 13 -38 -220 20 201 431 -205 34 322 -71 -376 -2 -234 -65 -529 293 118 114 -361 275 27 -104 168 160 -271 -318 339 -336]
possible sol: L_100_47779, length = 2294.82, time = 46.71s, vec = [-152 343 126 -174 -207 -14 -389 412 -149 -119 25 -6 21 -117 213 -179 240 7 -421 -232 549 167 250 144 -117 65 -90 369 34 44 -516 82 166 -43 -172 179 486 -245 -74 229 438 -56 -37 -12 -161 255 -4 -143 -210 14 -287 -66 175 169 103 69 40 -42 -224 -356 -222 140 74 720 4 -122 82 -346 -194 -497 71 -130 -19 -110 -314 385 -34 -416 -63 2 -152 332 -224 -228 -237 123 167 168 219 -190 142 136 182 170 -116 196 -123 -53 -330 322]
possible sol: L_100_53639, length = 2297.26, time = 47.30s, vec = [154 -130 279 -78 -67 65 -218 -112 123 -117 205 199 -153 280 499 -205 204 123 -99 79 -44 99 255 -24 241 267 97 -129 -69 52 -213 92 177 -155 324 -96 244 -510 192 -341 142 -200 208 45 158 280 -88 -142 -4 103 107 -220 140 541 -153 130 49 -147 101 -234 62 40 494 -77 -87 -90 -210 410 -451 -11 134 369 191 182 393 177 99 301 -19 31 58 -292 99 57 252 -413 362 546 153 72 222 -171 -296 -449 -360 79 -400 -102 354 179]
possible sol: L_100_45298, length = 2316.19, time = 46.14s, vec = [330 283 -496 69 106 302 -196 426 0 -280 192 341 23 167 -101 -115 -304 287 155 -29 -133 86 429 305 -53 569 222 282 -81 143 401 202 231 283 -54 -396 42 70 -81 -256 -174 179 -194 140 -107 -313 -207 -347 63 321 261 137 -16 405 657 -5 285 157 -31 85 201 -153 50 118 -195 -288 124 -188 -125 147 142 -145 -503 352 35 279 8 12 -9 199 171 -242 54 275 190 108 114 -373 -35 -229 -110 254 -44 -44 250 -260 80 16 -42 -16]
possible sol: L_100_33369, length = 2319.81, time = 47.60s, vec = [60 525 -331 62 90 -125 -125 172 -185 -211 146 -112 240 -117 224 68 -146 -208 -170 -75 158 -310 254 -10 -178 -62 -218 -171 255 121 264 -254 -82 21 415 -425 172 61 14 16 -520 -54 -179 -429 131 251 -83 310 95 87 179 468 74 106 214 -392 299 -127 3 -243 41 471 335 76 210 197 -24 -13 225 559 71 12 -312 -88 157 -501 -34 386 -250 48 114 142 -117 38 -160 78 -116 -126 585 14 327 -140 -230 189 -81 -262 281 -194 264 -195]

possible sol: L_120_897, length = 2654.47, vec = [71 7 102 -148 -23 505 114 166 -26 -104 147 -382 402 -35 181 -80 402 28 -222 -224 66 -42 -401 -145 -359 73 408 -99 287 -519 -366 374 -261 -5 -441 -243 541 144 78 267 -77 -27 -162 -436 66 452 342 46 -196 17 -18 226 -339 -236 -267 -49 -232 -308 213 316 -299 75 261 -202 -517 505 -237 -272 -74 -146 75 -378 -62 175 209 456 -389 354 148 233 278 -4 1 -464 -100 -241 111 -50 -54 206 -37 17 231 324 128 361 -84 59 -228 57 11 -15 191 87 173 -194 125 -5 -194 -91 313 14 -233 187 -14 46 -235 320 109 -240]
possible sol: L_120_1004, length = 2655.63, vec = [-170 41 306 -354 302 475 106 -171 -234 -25 11 -6 70 71 313 28 -205 -16 -382 -186 335 -281 212 60 -268 266 73 162 29 285 400 257 -91 35 92 5 265 148 -256 -85 184 -270 177 83 -388 -420 146 106 51 -380 26 -214 -373 -283 -419 -218 492 26 -331 110 -172 -295 -257 -75 159 168 -257 -401 79 -132 210 -90 -419 -82 373 -7 159 492 219 76 -538 352 -200 300 89 -181 75 -181 131 539 -509 11 -64 14 -147 183 -58 179 -303 128 29 5 -161 -213 -223 -55 318 -89 -403 224 -7 352 111 -342 -373 230 -56 -50 -70 409]

possible sol: L_130_52, length = 2812.38, vec = [-456 -79 -265 -207 -69 334 175 -223 -68 -51 36 -278 217 125 325 64 -372 -205 65 536 121 373 -283 38 215 -118 299 108 -95 17 165 -120 -83 121 52 122 65 367 195 723 52 -374 119 297 363 -249 -157 -96 214 -134 406 -144 -200 561 107 -88 165 -178 -265 -67 149 33 229 -328 323 347 -153 219 -234 -34 -112 -484 -615 -43 -53 108 236 -288 -141 -37 496 211 -5 212 335 -8 -282 -13 -48 -450 -127 37 14 -93 84 -93 -327 -365 406 -125 18 54 81 85 -9 -468 -123 246 -4 -13 467 155 220 10 -42 -463 -311 220 283 -85 71 -532 114 -184 -44 -202 -20 97 -274 -441]
possible sol: L_130_45, length = 2815.60, vec = [24 237 429 -350 174 7 -417 -197 -110 245 189 264 -44 -318 -232 44 356 -218 161 -114 -258 311 -90 267 245 -112 -53 150 316 -196 -88 244 260 -180 558 510 73 -286 -92 -98 217 -41 123 -106 179 -48 -436 -90 -191 -265 277 223 -93 138 178 -264 136 127 18 -238 -3 12 -69 -39 -7 210 77 145 -120 -61 -260 356 73 162 603 -178 -416 -414 -189 -90 -282 -1 137 -14 -136 384 -160 80 234 43 -65 -222 579 -12 -100 -442 -339 353 229 -360 -123 75 -270 -19 -39 215 118 -113 -31 151 129 181 -571 238 -94 -178 -143 372 283 253 267 -614 239 -327 -153 -96 213 -672 -322 -12]

possible sol: L_140_5, length = 2875.16, vec = [117 436 12 143 -202 104 -324 498 -185 225 -70 -41 357 402 -55 207 -30 -268 -97 340 327 4 21 228 -203 -297 -93 56 -212 -7 359 -380 -75 192 -101 39 436 -172 -202 -687 27 -159 461 419 144 224 -35 -72 76 -166 189 -34 263 109 -124 -236 73 269 -101 322 196 357 -18 -69 73 -16 75 -222 197 -636 -428 217 837 -139 138 254 -94 -225 63 -56 164 53 -554 138 -72 137 199 304 62 -163 -183 493 225 -325 -201 -8 127 248 181 -103 131 -93 -191 375 117 9 95 -21 -298 -95 120 -212 156 235 286 47 93 -63 110 211 195 113 139 -108 145 547 189 52 -486 29 -167 394 -2 -124 185 -79 -16 -341 -290 241]

possible sol: L_150_0, length = 3084.22, vec = [279 -151 131 -234 53 -30 -103 319 88 -44 -144 -190 -9 73 72 1 85 -332 -307 -220 14 267 166 -332 368 263 -135 598 -327 -137 -238 151 -42 100 193 269 450 248 -117 752 -198 -502 60 -8 -65 -310 -110 352 -245 280 122 405 -98 -120 459 -341 -339 -624 -313 289 -93 -187 -45 -1 81 -36 -69 -207 -246 213 -155 -80 -203 136 -93 377 549 -131 -337 -221 -131 48 -139 -230 -75 135 184 -341 -50 -34 434 -179 -271 145 -413 185 424 -185 6 41 -33 83 -305 177 81 -120 -56 -158 -179 466 97 213 -404 -88 -469 -142 -81 -5 82 -369 -236 164 -203 441 -14 -389 139 -161 -112 117 -226 130 416 -75 -570 64 75 -333 35 -292 269 172 103 -31 -405 -186 -363 -100 478 -245]
possible sol: L_150_2, length = 3175.76, vec = [-205 641 72 -148 -178 -328 -228 -183 -226 -275 198 -118 -163 270 474 -37 351 45 -515 -81 159 149 -338 322 426 75 -136 -55 46 -259 -259 -216 -101 37 13 275 -39 142 -355 -291 -38 92 369 46 122 170 -157 -655 -470 372 -307 -40 187 295 116 -426 -15 -250 144 -298 481 -106 19 102 -303 -124 76 -148 -299 -320 -396 272 95 -32 -8 -272 188 609 105 79 141 91 -77 108 -128 -13 -257 108 53 -109 342 -97 -207 82 -15 650 31 288 7 -82 233 265 -154 256 -105 -139 -56 609 70 199 106 155 90 192 87 83 552 -194 198 -61 -357 -524 417 -185 435 219 -219 176 -518 238 -484 365 563 151 84 -90 -22 -275 86 249 22 405 358 -204 -137 189 213 -108 57 -196]

possible sol: L_151_0, length = 3194.53, vec = [-14 -153 150 313 -249 78 -127 -66 61 -79 -78 -470 -97 -45 61 76 59 233 270 215 192 282 -473 -81 -168 -19 -580 -364 59 -42 169 194 -7 -23 221 -255 78 -339 9 -233 704 -599 193 164 -358 493 -153 -233 -203 55 86 -330 153 -428 158 39 -323 122 -84 150 -69 264 430 214 -335 -110 195 265 -110 140 357 145 252 -244 77 -346 -469 -103 413 221 -6 74 -252 -21 -91 31 6 388 319 -267 -88 -163 -192 -408 337 -246 -170 -204 377 -262 -109 -358 -397 334 -411 356 -52 -111 216 285 53 -217 44 -646 -249 -104 -22 83 -403 -16 56 -294 10 263 221 -125 -185 77 9 -385 -426 104 -374 323 231 -271 617 -36 -33 127 71 -401 508 33 -232 -241 468 -372 88 -254 99]

possible sol: L_153_0, length = 3172.82, vec = [-427 302 -470 -43 307 159 -95 144 -3 188 -347 159 292 -91 173 89 318 -218 14 85 -132 -336 -313 101 -124 101 357 -112 -536 -109 -155 33 -44 -70 26 5 -268 169 87 -547 176 -297 -87 -136 387 247 -140 197 -93 342 244 -26 -157 -515 -491 337 -14 233 -115 -240 225 -115 129 402 -332 474 -411 -265 -25 241 300 -229 -200 -295 -72 -60 309 -30 246 -426 302 188 -206 -42 218 -9 -363 405 275 394 -98 182 136 -154 -352 -157 -307 29 538 96 -428 111 -83 -298 -154 17 -4 -64 74 198 109 33 -296 -180 -196 500 -157 -269 90 -26 -418 477 262 519 12 23 -421 -276 -248 -179 -283 -168 -208 151 610 81 -69 -149 -107 -333 -243 230 106 538 138 -26 189 -154 39 87 -158 -607 -11]

possible sol: L_157_0, length = 3316.85, vec = [5 -177 4 228 43 -88 193 -88 -88 308 -590 228 256 127 -91 12 -78 242 80 57 133 -332 -624 -25 443 -227 -233 -497 23 179 498 210 283 342 323 351 41 -54 418 -243 -401 219 -188 265 163 12 125 -230 -504 -101 -535 -63 218 -292 81 487 -405 -196 -200 -149 173 61 491 164 150 -40 100 -214 170 319 99 329 151 -173 -292 173 -40 189 42 -53 -252 -308 -92 -156 576 -354 -159 -403 -460 -578 262 -41 386 -130 -17 -104 269 22 -5 155 -54 7 4 81 105 135 -11 -31 265 154 -144 271 -294 3 -366 -235 -385 -103 -216 440 -236 85 154 216 185 -39 99 -12 -48 129 -372 -301 -6 -63 305 -94 -174 -693 -90 11 308 222 -98 -61 -107 -187 802 218 -160 358 -6 673 -534 -368 -108 -134 255]
possible sol: L_157_0, length = 3271.38, vec = [-77 -245 -252 -318 -366 296 115 264 125 175 627 311 210 291 -267 -111 222 111 -275 259 228 222 246 425 -105 -24 411 303 147 -229 -100 332 299 -132 -284 -306 194 -678 -250 -218 238 -38 -34 -202 187 -18 -264 321 93 241 -175 318 248 -416 -125 141 475 89 532 -199 -285 -136 163 355 87 -23 -288 108 -172 618 35 237 -191 118 -296 -188 157 -391 322 285 18 243 -379 13 -153 328 230 332 -579 364 -2 235 -464 65 50 -174 -8 308 -413 -478 245 187 253 162 -281 -50 123 292 170 73 287 -88 -95 -104 3 14 58 -97 -219 308 29 334 -10 36 -119 -46 -79 284 207 -4 124 136 -197 -655 -496 -124 -554 -65 382 -2 -116 252 95 3 -227 -241 -20 -147 87 -230 229 433 598 32 -138 66 -102]

possible sol: L_161_0, length = 3343.59, vec = [-356 130 -488 30 -311 -17 15 -23 -142 -84 102 -365 -47 110 123 86 124 419 -115 124 299 110 -274 127 -196 -12 -499 -160 -111 208 41 13 60 -342 33 36 -4 -43 481 -124 300 104 239 -311 114 -269 175 89 -146 -220 134 380 262 444 96 412 -148 -707 315 416 -422 158 85 -78 133 220 36 142 -75 -82 -29 -277 -184 -54 341 -84 -268 118 -43 209 -60 -229 -113 -486 204 -277 -348 -220 614 108 381 -85 -386 130 315 -469 -177 -24 516 -83 -101 -367 -154 -39 111 -28 61 -86 -61 223 322 386 -47 -370 24 -112 91 -48 -295 566 341 186 27 209 125 -206 9 -248 -229 2 -48 -349 102 292 -337 -572 251 -152 -671 391 -118 -190 -122 -8 -99 -11 304 220 -521 511 34 637 224 56 359 -266 -338 -329 195 256 -597]

possible sol: L_162_0, length = 3325.47, vec = [191 -54 597 -253 -55 228 37 -310 -833 103 -121 104 31 119 -661 159 -209 -25 384 68 137 79 257 -63 228 499 -9 -132 23 77 -155 -22 58 310 419 -32 144 401 -434 -47 -460 -384 -4 -312 99 -444 -50 39 238 -69 10 -160 146 -367 618 -115 -342 195 42 -71 -531 197 -9 306 396 -29 61 -396 -35 324 44 -270 -361 202 -497 -298 -451 -240 167 203 -263 -316 -9 -5 -185 -203 152 187 -109 20 173 -223 25 -200 162 55 252 -612 292 -355 503 182 8 152 360 -136 -97 -36 103 -233 13 -433 193 -357 -204 241 320 48 129 551 -15 51 -60 -115 -1 412 432 438 404 -56 -188 345 28 353 26 183 15 7 294 27 350 141 119 -215 152 -29 513 14 70 -13 168 -135 215 296 -276 104 259 149 235 -329 -67 -230]

possible sol: L_165_0, length = 3369.56, vec = [-368 47 -338 76 -3 104 0 88 288 -51 -226 -478 19 -339 413 -179 -542 91 -470 385 264 -274 198 -23 12 201 -333 54 192 -269 355 223 -323 -168 -139 -30 70 -94 -38 -34 -141 49 -71 -649 41 580 107 222 526 -192 67 208 120 -6 89 72 77 -47 -253 -152 -781 310 -48 -117 -121 127 215 -148 51 -61 -350 -691 -115 254 356 -333 270 385 -112 -215 -296 22 142 115 149 265 -8 710 303 23 272 183 -552 -175 -22 461 27 -226 -98 -571 -503 270 42 55 -138 62 -273 225 -4 -303 190 1 -28 128 116 134 -249 -179 366 175 -63 -10 495 118 27 -212 -37 -433 67 48 -13 367 558 230 29 -82 393 -321 -108 264 -436 -200 -115 -391 -224 370 -158 65 -271 -298 258 -187 -41 359 117 -188 -255 -178 207 -124 -27 -209 204 4 403]

possible sol: L_166_0, length = 3375.61, vec = [69 6 -101 208 -232 -495 -164 222 -96 -330 -136 289 -119 -321 -136 -160 -119 -223 -11 -80 122 48 94 -235 93 111 248 243 181 264 -253 289 226 -17 260 259 477 -128 -186 -9 -290 -162 -88 366 39 396 370 -495 412 205 -72 526 129 263 98 -445 -216 175 -534 27 -69 -817 -426 324 -43 141 140 579 167 46 162 136 -119 165 -526 -102 -128 -32 19 292 487 197 984 15 -55 95 167 49 -200 116 23 -171 159 -20 347 422 16 -134 240 -254 89 618 -260 -356 320 -152 -229 -94 149 -55 322 86 -226 -529 -233 -70 65 3 155 59 -294 -644 24 300 86 -145 294 161 -276 -436 -297 -50 -375 346 -50 -270 89 -350 -16 -98 127 61 238 6 125 -88 289 250 135 134 371 -79 -339 100 -48 -242 238 -233 2 370 -333 -208 -180 -58 97 -8]

possible sol: L_169_0, length = 3414.56, vec = [-23 -175 -434 376 -371 433 323 165 131 -51 347 -150 -77 -5 -540 -25 142 -447 -285 167 115 163 -75 -186 39 233 -17 -607 -235 -291 170 345 472 -119 224 563 321 607 -45 266 -115 154 -458 -287 681 210 -263 -283 390 -83 153 -428 -273 -135 -11 250 46 -29 -23 60 310 -262 189 0 -163 -209 -10 -244 -109 -144 -226 -22 36 115 219 121 18 -86 361 307 -162 -91 303 -404 -464 70 -55 80 99 248 127 99 363 -175 -249 187 -404 33 190 -111 -295 141 -348 -79 -343 66 29 -49 436 -157 228 -58 -36 -45 18 -426 356 488 50 357 105 19 249 -130 -428 709 198 82 -80 -558 180 224 135 287 -111 -223 161 274 -261 283 -218 -54 527 409 87 -196 -269 -547 -42 275 -53 21 478 301 64 -69 40 300 230 -121 -348 -56 184 136 198 35 -6 348 147]

possible sol: L_171_0, length = 3393.87, vec = [-131 -320 194 448 -9 211 52 62 -143 -311 -12 -350 -141 385 -697 93 228 -181 -121 -106 -177 95 -474 -56 86 78 -208 187 274 -188 450 120 -104 -38 88 146 333 34 45 -210 -2 117 -242 184 162 361 496 376 305 364 108 -558 -186 331 -136 -296 -232 -25 587 10 294 -95 27 -101 -225 -452 424 -316 -478 36 -134 -514 -655 360 -357 -255 -651 22 256 -358 199 -399 97 -45 190 9 216 -323 -320 -168 -22 334 32 -218 52 -184 -114 251 278 17 -55 -115 92 82 271 -404 -187 -295 -140 336 -258 146 9 82 -59 283 168 -433 -159 529 -245 -101 43 -99 -490 -292 -424 255 147 -32 154 197 313 -225 99 -247 283 -69 -249 -257 166 37 -76 81 -386 121 -82 -137 304 102 -57 90 -63 -314 208 -76 -13 -169 347 -54 16 60 328 -237 -142 2 373 -183 323 661 -141]

possible sol: L_179_0, length = 3522.88, vec = [-68 552 -42 -262 12 100 375 191 -249 296 -263 -147 -151 -269 32 275 61 -421 32 38 -83 544 -197 212 108 -337 -84 -223 208 -558 86 -196 -499 -51 113 -395 122 -582 325 -512 -444 -195 -55 72 -121 270 240 -124 -452 366 151 -162 3 -160 179 -89 -180 57 -50 89 190 -434 595 274 -98 -30 346 639 458 -272 530 -309 250 -332 -281 163 139 159 566 -17 194 417 348 4 11 280 -331 -246 22 -309 -318 -121 -17 378 -53 101 205 119 -175 23 -149 -130 -558 -147 32 27 -258 -334 -460 -205 -3 -247 18 120 -150 -1 25 -166 209 304 -241 -202 16 -161 -396 41 445 138 -9 -358 147 -637 261 -316 -84 165 115 278 418 178 105 118 -195 -53 377 182 315 -127 -477 -177 255 -87 -157 109 -256 126 130 121 -229 130 16 782 336 -76 -262 -189 101 -280 74 13 -49 -46 -322 99 42 -17 110 301 142]

possible sol: L_183_0, length = 3535.99, vec = [155 -136 243 312 -81 355 -116 714 -632 102 -711 48 201 -224 -60 -672 151 -45 197 -223 -153 143 133 38 -56 133 -482 -41 -102 201 220 87 -116 -141 116 -690 -246 104 -209 152 422 165 -51 -452 -308 -366 424 122 308 -109 -277 -244 -273 30 33 221 -484 -19 -112 116 206 -151 69 63 37 111 -240 128 -48 93 -157 -354 -216 263 -87 -61 -212 254 -120 210 309 -164 52 -19 -6 91 -124 -74 181 369 -237 133 -10 -26 -607 -50 -132 -6 123 -345 -130 -147 -3 -64 174 65 -375 57 -673 466 83 51 -465 -254 -8 -221 17 -159 -142 -524 24 284 99 -32 492 -95 251 -68 -108 29 -577 984 301 111 -58 394 -102 -330 17 -225 -151 -46 -35 381 -211 -24 -207 304 133 -189 -37 59 245 -53 44 -97 -94 104 -475 326 271 -115 -575 -69 -330 199 -238 2 316 -170 -164 -100 5 -66 -532 64 258 -316 66 315 167 -236 52]
